 # CENTERS
 # Cluster_index -F_center Error_{F_center} index_center Cluster_population Cluster_population_no_halo
      1   4.0402907335E+00   1.2923329607E-01    2797    1449     881
      2   4.4421701851E+00   1.6994044057E-01    5397    6095    4472
      3   4.1364411921E+00   1.2896434682E-01    6383    3719    1667
      4   4.0836820042E+00   1.4490322943E-01    8035     943     352
      5   4.1073126901E+00   1.3289013597E-01   11860    3083    1403
      6   3.8889030214E+00   1.0902749442E-01   12724    4711    3194
 # SADDLES:
 # C1 C2 -F_bord_C1_C2 Err_F_bord_1_2
      1       2   2.2623464273E+00   1.5407223208E-01
      1       3   2.7051128743E+00   1.8939987732E-01
      1       4   0.0000000000E+00   0.0000000000E+00
      1       5   2.0429901013E+00   1.6248627261E-01
      1       6   2.5146458617E+00   1.5271878499E-01
      2       3   0.0000000000E+00   0.0000000000E+00
      2       4   3.2832632305E+00   1.2182835639E-01
      2       5   2.6105723269E+00   2.4523554820E-01
      2       6   2.6104479903E+00   2.6372328448E-01
      3       4   0.0000000000E+00   0.0000000000E+00
      3       5   3.3412693769E+00   1.3230729832E-01
      3       6   2.3025258188E+00   1.5593410016E-01
      4       5   0.0000000000E+00   0.0000000000E+00
      4       6   2.4958814928E+00   2.1379875601E-01
      5       6   0.0000000000E+00   0.0000000000E+00
