 # CENTERS
 # Cluster_index -F_center Error_{F_center} index_center Cluster_population Cluster_population_no_halo
      1   4.0727880674E+00   1.2071373164E-01    1113     487     148
      2   4.0450025975E+00   1.1241946726E-01    2498    1620     374
      3   4.0402907335E+00   1.2923329607E-01    2797    1449     881
      4   3.9550878586E+00   1.1442545677E-01    2867    1430     221
      5   3.8486762799E+00   1.1694056016E-01    4261    1114     112
      6   4.2084280328E+00   1.0759810269E-01    5112    1023     165
      7   4.4421701851E+00   1.6994044057E-01    5397     798     430
      8   4.1364411921E+00   1.2896434682E-01    6383     831      99
      9   4.0836820042E+00   1.4490322943E-01    8035     943     352
     10   4.1809915811E+00   1.2896434682E-01    9518    1582     402
     11   4.1073126901E+00   1.3289013597E-01   11860     978     161
     12   4.1653967423E+00   1.0266513455E-01   11995    2095     267
     13   3.8889030214E+00   1.0902749442E-01   12724    4518    3189
     14   2.7539292988E+00   2.3169853372E-01   13826      67      33
     15   2.8596734252E+00   1.9025485854E-01   14673     134      50
     16   2.5800728567E+00   2.3015938488E-01   15342      43      24
     17   2.7359802046E+00   1.5835921114E-01   15403     193      66
     18   4.0999576309E+00   1.6302516554E-01   17762     541      84
     19   2.5980764518E+00   1.8772393188E-01   18033     154      46
 # SADDLES:
 # C1 C2 -F_bord_C1_C2 Err_F_bord_1_2
      1       2   0.0000000000E+00   0.0000000000E+00
      1       3   2.1412925435E+00   2.0358660771E-01
      1       4   2.3703881103E+00   2.1628438712E-01
      1       5   0.0000000000E+00   0.0000000000E+00
      1       6   0.0000000000E+00   0.0000000000E+00
      1       7   0.0000000000E+00   0.0000000000E+00
      1       8   0.0000000000E+00   0.0000000000E+00
      1       9   0.0000000000E+00   0.0000000000E+00
      1      10   3.8270454302E+00   9.6392344403E-02
      1      11   0.0000000000E+00   0.0000000000E+00
      1      12   3.7834959685E+00   6.5354563672E-02
      1      13   0.0000000000E+00   0.0000000000E+00
      1      14   0.0000000000E+00   0.0000000000E+00
      1      15   0.0000000000E+00   0.0000000000E+00
      1      16   0.0000000000E+00   0.0000000000E+00
      1      17   0.0000000000E+00   0.0000000000E+00
      1      18   0.0000000000E+00   0.0000000000E+00
      1      19   0.0000000000E+00   0.0000000000E+00
      2       3   2.7051128743E+00   1.8939987732E-01
      2       4   2.1326362225E+00   1.3116426501E-01
      2       5   3.5979083842E+00   9.6843301534E-02
      2       6   0.0000000000E+00   0.0000000000E+00
      2       7   0.0000000000E+00   0.0000000000E+00
      2       8   3.7225210145E+00   9.7881547270E-02
      2       9   0.0000000000E+00   0.0000000000E+00
      2      10   0.0000000000E+00   0.0000000000E+00
      2      11   0.0000000000E+00   0.0000000000E+00
      2      12   0.0000000000E+00   0.0000000000E+00
      2      13   0.0000000000E+00   0.0000000000E+00
      2      14   0.0000000000E+00   0.0000000000E+00
      2      15   0.0000000000E+00   0.0000000000E+00
      2      16   0.0000000000E+00   0.0000000000E+00
      2      17   0.0000000000E+00   0.0000000000E+00
      2      18   3.3412693769E+00   1.3230729832E-01
      2      19   0.0000000000E+00   0.0000000000E+00
      3       4   2.0429901013E+00   1.6248627261E-01
      3       5   2.4400089040E+00   1.8855631913E-01
      3       6   0.0000000000E+00   0.0000000000E+00
      3       7   0.0000000000E+00   0.0000000000E+00
      3       8   0.0000000000E+00   0.0000000000E+00
      3       9   0.0000000000E+00   0.0000000000E+00
      3      10   0.0000000000E+00   0.0000000000E+00
      3      11   0.0000000000E+00   0.0000000000E+00
      3      12   2.2623464273E+00   1.5407223208E-01
      3      13   2.5146458617E+00   1.5271878499E-01
      3      14   0.0000000000E+00   0.0000000000E+00
      3      15   0.0000000000E+00   0.0000000000E+00
      3      16   0.0000000000E+00   0.0000000000E+00
      3      17   0.0000000000E+00   0.0000000000E+00
      3      18   0.0000000000E+00   0.0000000000E+00
      3      19   0.0000000000E+00   0.0000000000E+00
      4       5   0.0000000000E+00   0.0000000000E+00
      4       6   0.0000000000E+00   0.0000000000E+00
      4       7   0.0000000000E+00   0.0000000000E+00
      4       8   0.0000000000E+00   0.0000000000E+00
      4       9   0.0000000000E+00   0.0000000000E+00
      4      10   2.6105723269E+00   2.4523554820E-01
      4      11   3.5782275218E+00   1.0886585450E-01
      4      12   0.0000000000E+00   0.0000000000E+00
      4      13   0.0000000000E+00   0.0000000000E+00
      4      14   0.0000000000E+00   0.0000000000E+00
      4      15   0.0000000000E+00   0.0000000000E+00
      4      16   0.0000000000E+00   0.0000000000E+00
      4      17   0.0000000000E+00   0.0000000000E+00
      4      18   3.7055856992E+00   1.1899226826E-01
      4      19   0.0000000000E+00   0.0000000000E+00
      5       6   0.0000000000E+00   0.0000000000E+00
      5       7   0.0000000000E+00   0.0000000000E+00
      5       8   2.1838729813E+00   1.5641020981E-01
      5       9   0.0000000000E+00   0.0000000000E+00
      5      10   0.0000000000E+00   0.0000000000E+00
      5      11   0.0000000000E+00   0.0000000000E+00
      5      12   0.0000000000E+00   0.0000000000E+00
      5      13   2.0530013634E+00   1.2071373164E-01
      5      14   0.0000000000E+00   0.0000000000E+00
      5      15   0.0000000000E+00   0.0000000000E+00
      5      16   0.0000000000E+00   0.0000000000E+00
      5      17   2.3025258188E+00   1.5593410016E-01
      5      18   0.0000000000E+00   0.0000000000E+00
      5      19   2.1869065060E+00   1.3623945066E-01
      6       7   3.3560099363E+00   2.3015938488E-01
      6       8   0.0000000000E+00   0.0000000000E+00
      6       9   2.1577593773E+00   1.9112152293E-01
      6      10   3.7699706024E+00   1.2071373164E-01
      6      11   0.0000000000E+00   0.0000000000E+00
      6      12   3.9892253834E+00   7.3005294798E-02
      6      13   0.0000000000E+00   0.0000000000E+00
      6      14   0.0000000000E+00   0.0000000000E+00
      6      15   0.0000000000E+00   0.0000000000E+00
      6      16   0.0000000000E+00   0.0000000000E+00
      6      17   0.0000000000E+00   0.0000000000E+00
      6      18   0.0000000000E+00   0.0000000000E+00
      6      19   0.0000000000E+00   0.0000000000E+00
      7       8   0.0000000000E+00   0.0000000000E+00
      7       9   3.1883067402E+00   1.9112152293E-01
      7      10   0.0000000000E+00   0.0000000000E+00
      7      11   0.0000000000E+00   0.0000000000E+00
      7      12   0.0000000000E+00   0.0000000000E+00
      7      13   0.0000000000E+00   0.0000000000E+00
      7      14   2.2351406931E+00   2.5710424194E-01
      7      15   0.0000000000E+00   0.0000000000E+00
      7      16   2.1151452288E+00   2.0682639013E-01
      7      17   0.0000000000E+00   0.0000000000E+00
      7      18   0.0000000000E+00   0.0000000000E+00
      7      19   0.0000000000E+00   0.0000000000E+00
      8       9   0.0000000000E+00   0.0000000000E+00
      8      10   0.0000000000E+00   0.0000000000E+00
      8      11   0.0000000000E+00   0.0000000000E+00
      8      12   0.0000000000E+00   0.0000000000E+00
      8      13   0.0000000000E+00   0.0000000000E+00
      8      14   0.0000000000E+00   0.0000000000E+00
      8      15   0.0000000000E+00   0.0000000000E+00
      8      16   0.0000000000E+00   0.0000000000E+00
      8      17   0.0000000000E+00   0.0000000000E+00
      8      18   2.1994154098E+00   1.8690247118E-01
      8      19   1.9877826327E+00   1.5271878499E-01
      9      10   0.0000000000E+00   0.0000000000E+00
      9      11   0.0000000000E+00   0.0000000000E+00
      9      12   3.2832632305E+00   1.2182835639E-01
      9      13   2.4958814928E+00   2.1379875601E-01
      9      14   0.0000000000E+00   0.0000000000E+00
      9      15   0.0000000000E+00   0.0000000000E+00
      9      16   1.9969887375E+00   2.2429588042E-01
      9      17   0.0000000000E+00   0.0000000000E+00
      9      18   0.0000000000E+00   0.0000000000E+00
      9      19   0.0000000000E+00   0.0000000000E+00
     10      11   2.2107719815E+00   1.9200013900E-01
     10      12   3.8657081971E+00   7.2667194586E-02
     10      13   0.0000000000E+00   0.0000000000E+00
     10      14   0.0000000000E+00   0.0000000000E+00
     10      15   0.0000000000E+00   0.0000000000E+00
     10      16   0.0000000000E+00   0.0000000000E+00
     10      17   0.0000000000E+00   0.0000000000E+00
     10      18   0.0000000000E+00   0.0000000000E+00
     10      19   0.0000000000E+00   0.0000000000E+00
     11      12   0.0000000000E+00   0.0000000000E+00
     11      13   0.0000000000E+00   0.0000000000E+00
     11      14   0.0000000000E+00   0.0000000000E+00
     11      15   2.4602060848E+00   1.7244872308E-01
     11      16   0.0000000000E+00   0.0000000000E+00
     11      17   0.0000000000E+00   0.0000000000E+00
     11      18   0.0000000000E+00   0.0000000000E+00
     11      19   0.0000000000E+00   0.0000000000E+00
     12      13   2.6104479903E+00   2.6372328448E-01
     12      14   0.0000000000E+00   0.0000000000E+00
     12      15   0.0000000000E+00   0.0000000000E+00
     12      16   0.0000000000E+00   0.0000000000E+00
     12      17   0.0000000000E+00   0.0000000000E+00
     12      18   0.0000000000E+00   0.0000000000E+00
     12      19   0.0000000000E+00   0.0000000000E+00
     13      14   0.0000000000E+00   0.0000000000E+00
     13      15   0.0000000000E+00   0.0000000000E+00
     13      16   0.0000000000E+00   0.0000000000E+00
     13      17   2.3431174557E+00   1.5786513780E-01
     13      18   0.0000000000E+00   0.0000000000E+00
     13      19   0.0000000000E+00   0.0000000000E+00
     14      15   0.0000000000E+00   0.0000000000E+00
     14      16   2.1212596855E+00   2.0464956218E-01
     14      17   0.0000000000E+00   0.0000000000E+00
     14      18   0.0000000000E+00   0.0000000000E+00
     14      19   0.0000000000E+00   0.0000000000E+00
     15      16   0.0000000000E+00   0.0000000000E+00
     15      17   0.0000000000E+00   0.0000000000E+00
     15      18   0.0000000000E+00   0.0000000000E+00
     15      19   0.0000000000E+00   0.0000000000E+00
     16      17   0.0000000000E+00   0.0000000000E+00
     16      18   0.0000000000E+00   0.0000000000E+00
     16      19   0.0000000000E+00   0.0000000000E+00
     17      18   0.0000000000E+00   0.0000000000E+00
     17      19   0.0000000000E+00   0.0000000000E+00
     18      19   0.0000000000E+00   0.0000000000E+00
