 # CENTERS
 # Cluster_index -F_center Error_{F_center} index_center Cluster_population Cluster_population_no_halo
      1   4.0727880674E+00   1.2071373164E-01    1113     487     148
      2   4.0450025975E+00   1.1241946726E-01    2498    1620     374
      3   4.0402907335E+00   1.2923329607E-01    2797    1449     881
      4   3.8486762799E+00   1.1694056016E-01    4261    1114     112
      5   4.2084280328E+00   1.0759810269E-01    5112    3118    1223
      6   4.4421701851E+00   1.6994044057E-01    5397     908     430
      7   4.1364411921E+00   1.2896434682E-01    6383     831      99
      8   4.0836820042E+00   1.4490322943E-01    8035     943      96
      9   4.1809915811E+00   1.2896434682E-01    9518    1582     402
     10   4.1073126901E+00   1.3289013597E-01   11860     978     161
     11   3.8889030214E+00   1.0902749442E-01   12724    4518    3189
     12   2.8596734252E+00   1.9025485854E-01   14673     134      50
     13   2.7359802046E+00   1.5835921114E-01   15403     193      66
     14   4.0999576309E+00   1.6302516554E-01   17762    1971     696
     15   2.5980764518E+00   1.8772393188E-01   18033     154      46
 # SADDLES:
 # C1 C2 -F_bord_C1_C2 Err_F_bord_1_2
      1       2   0.0000000000E+00   0.0000000000E+00
      1       3   2.1412925435E+00   2.0358660771E-01
      1       4   0.0000000000E+00   0.0000000000E+00
      1       5   3.7834959685E+00   6.5354563672E-02
      1       6   0.0000000000E+00   0.0000000000E+00
      1       7   0.0000000000E+00   0.0000000000E+00
      1       8   0.0000000000E+00   0.0000000000E+00
      1       9   3.8270454302E+00   9.6392344403E-02
      1      10   0.0000000000E+00   0.0000000000E+00
      1      11   0.0000000000E+00   0.0000000000E+00
      1      12   0.0000000000E+00   0.0000000000E+00
      1      13   0.0000000000E+00   0.0000000000E+00
      1      14   2.3703881103E+00   2.1628438712E-01
      1      15   0.0000000000E+00   0.0000000000E+00
      2       3   2.7051128743E+00   1.8939987732E-01
      2       4   3.5979083842E+00   9.6843301534E-02
      2       5   0.0000000000E+00   0.0000000000E+00
      2       6   0.0000000000E+00   0.0000000000E+00
      2       7   3.7225210145E+00   9.7881547270E-02
      2       8   0.0000000000E+00   0.0000000000E+00
      2       9   0.0000000000E+00   0.0000000000E+00
      2      10   0.0000000000E+00   0.0000000000E+00
      2      11   0.0000000000E+00   0.0000000000E+00
      2      12   0.0000000000E+00   0.0000000000E+00
      2      13   0.0000000000E+00   0.0000000000E+00
      2      14   3.3412693769E+00   1.3230729832E-01
      2      15   0.0000000000E+00   0.0000000000E+00
      3       4   2.4400089040E+00   1.8855631913E-01
      3       5   2.2623464273E+00   1.5407223208E-01
      3       6   0.0000000000E+00   0.0000000000E+00
      3       7   0.0000000000E+00   0.0000000000E+00
      3       8   0.0000000000E+00   0.0000000000E+00
      3       9   0.0000000000E+00   0.0000000000E+00
      3      10   0.0000000000E+00   0.0000000000E+00
      3      11   2.5146458617E+00   1.5271878499E-01
      3      12   0.0000000000E+00   0.0000000000E+00
      3      13   0.0000000000E+00   0.0000000000E+00
      3      14   2.0429901013E+00   1.6248627261E-01
      3      15   0.0000000000E+00   0.0000000000E+00
      4       5   0.0000000000E+00   0.0000000000E+00
      4       6   0.0000000000E+00   0.0000000000E+00
      4       7   2.1838729813E+00   1.5641020981E-01
      4       8   0.0000000000E+00   0.0000000000E+00
      4       9   0.0000000000E+00   0.0000000000E+00
      4      10   0.0000000000E+00   0.0000000000E+00
      4      11   2.0530013634E+00   1.2071373164E-01
      4      12   0.0000000000E+00   0.0000000000E+00
      4      13   2.3025258188E+00   1.5593410016E-01
      4      14   0.0000000000E+00   0.0000000000E+00
      4      15   2.1869065060E+00   1.3623945066E-01
      5       6   3.3560099363E+00   2.3015938488E-01
      5       7   0.0000000000E+00   0.0000000000E+00
      5       8   3.2832632305E+00   1.2182835639E-01
      5       9   3.8657081971E+00   7.2667194586E-02
      5      10   0.0000000000E+00   0.0000000000E+00
      5      11   2.6104479903E+00   2.6372328448E-01
      5      12   0.0000000000E+00   0.0000000000E+00
      5      13   0.0000000000E+00   0.0000000000E+00
      5      14   0.0000000000E+00   0.0000000000E+00
      5      15   0.0000000000E+00   0.0000000000E+00
      6       7   0.0000000000E+00   0.0000000000E+00
      6       8   3.1883067402E+00   1.9112152293E-01
      6       9   0.0000000000E+00   0.0000000000E+00
      6      10   0.0000000000E+00   0.0000000000E+00
      6      11   0.0000000000E+00   0.0000000000E+00
      6      12   0.0000000000E+00   0.0000000000E+00
      6      13   0.0000000000E+00   0.0000000000E+00
      6      14   0.0000000000E+00   0.0000000000E+00
      6      15   0.0000000000E+00   0.0000000000E+00
      7       8   0.0000000000E+00   0.0000000000E+00
      7       9   0.0000000000E+00   0.0000000000E+00
      7      10   0.0000000000E+00   0.0000000000E+00
      7      11   0.0000000000E+00   0.0000000000E+00
      7      12   0.0000000000E+00   0.0000000000E+00
      7      13   0.0000000000E+00   0.0000000000E+00
      7      14   2.1994154098E+00   1.8690247118E-01
      7      15   1.9877826327E+00   1.5271878499E-01
      8       9   0.0000000000E+00   0.0000000000E+00
      8      10   0.0000000000E+00   0.0000000000E+00
      8      11   2.4958814928E+00   2.1379875601E-01
      8      12   0.0000000000E+00   0.0000000000E+00
      8      13   0.0000000000E+00   0.0000000000E+00
      8      14   0.0000000000E+00   0.0000000000E+00
      8      15   0.0000000000E+00   0.0000000000E+00
      9      10   2.2107719815E+00   1.9200013900E-01
      9      11   0.0000000000E+00   0.0000000000E+00
      9      12   0.0000000000E+00   0.0000000000E+00
      9      13   0.0000000000E+00   0.0000000000E+00
      9      14   2.6105723269E+00   2.4523554820E-01
      9      15   0.0000000000E+00   0.0000000000E+00
     10      11   0.0000000000E+00   0.0000000000E+00
     10      12   2.4602060848E+00   1.7244872308E-01
     10      13   0.0000000000E+00   0.0000000000E+00
     10      14   3.5782275218E+00   1.0886585450E-01
     10      15   0.0000000000E+00   0.0000000000E+00
     11      12   0.0000000000E+00   0.0000000000E+00
     11      13   2.3431174557E+00   1.5786513780E-01
     11      14   0.0000000000E+00   0.0000000000E+00
     11      15   0.0000000000E+00   0.0000000000E+00
     12      13   0.0000000000E+00   0.0000000000E+00
     12      14   0.0000000000E+00   0.0000000000E+00
     12      15   0.0000000000E+00   0.0000000000E+00
     13      14   0.0000000000E+00   0.0000000000E+00
     13      15   0.0000000000E+00   0.0000000000E+00
     14      15   0.0000000000E+00   0.0000000000E+00
