 # CENTERS
 # Cluster_index -F_center Error_{F_center} index_center Cluster_population Cluster_population_no_halo
      1   5.9401432311E+00   1.0107949310E-01    1163    2639     731
      2   4.8760151997E+00   1.5546231186E-01    2776     795     108
      3   6.0046532510E+00   1.0968132961E-01    3284    5826    1788
      4   5.5829329117E+00   1.5593410016E-01    4274     741     456
      5   6.2540850886E+00   9.6280586021E-02    8678    3759    1624
      6   4.7965762496E+00   1.0120883225E-01   11220    1216     321
      7   4.9835641036E+00   1.0376464698E-01   12108    1500     488
      8   4.8787423965E+00   1.8143915032E-01   13855    1557     895
      9   6.0967382605E+00   1.1331810479E-01   14772    1395     487
     10   2.8469911679E+00   1.6812943568E-01   15721     572     328
 # SADDLES:
 # C1 C2 -F_bord_C1_C2 Err_F_bord_1_2
      1       2   0.0000000000E+00   0.0000000000E+00
      1       3   0.0000000000E+00   0.0000000000E+00
      1       4   0.0000000000E+00   0.0000000000E+00
      1       5   5.5795166301E+00   9.9688727645E-02
      1       6   2.9677037987E+00   3.9584739066E-01
      1       7   0.0000000000E+00   0.0000000000E+00
      1       8   2.3088190109E+00   3.2225169332E-01
      1       9   5.4814767481E+00   1.2027637014E-01
      1      10   0.0000000000E+00   0.0000000000E+00
      2       3   0.0000000000E+00   0.0000000000E+00
      2       4   4.1621673457E+00   1.7181125374E-01
      2       5   0.0000000000E+00   0.0000000000E+00
      2       6   0.0000000000E+00   0.0000000000E+00
      2       7   4.4324322445E+00   1.6038293225E-01
      2       8   3.2703077036E+00   2.3487178161E-01
      2       9   0.0000000000E+00   0.0000000000E+00
      2      10   0.0000000000E+00   0.0000000000E+00
      3       4   0.0000000000E+00   0.0000000000E+00
      3       5   5.5470893115E+00   1.1694056016E-01
      3       6   2.4069360439E+00   3.4543846209E-01
      3       7   2.1873372588E+00   1.4724043011E-01
      3       8   0.0000000000E+00   0.0000000000E+00
      3       9   0.0000000000E+00   0.0000000000E+00
      3      10   2.3223130930E+00   1.2816746322E-01
      4       5   0.0000000000E+00   0.0000000000E+00
      4       6   0.0000000000E+00   0.0000000000E+00
      4       7   4.4447613938E+00   1.9289098398E-01
      4       8   3.7840206192E+00   2.0358660771E-01
      4       9   3.3690120372E+00   3.3095405001E-01
      4      10   0.0000000000E+00   0.0000000000E+00
      5       6   2.7235997581E+00   3.9584739066E-01
      5       7   0.0000000000E+00   0.0000000000E+00
      5       8   0.0000000000E+00   0.0000000000E+00
      5       9   0.0000000000E+00   0.0000000000E+00
      5      10   0.0000000000E+00   0.0000000000E+00
      6       7   4.4386032088E+00   7.5085049801E-02
      6       8   0.0000000000E+00   0.0000000000E+00
      6       9   3.8413167876E+00   2.0150945538E-01
      6      10   0.0000000000E+00   0.0000000000E+00
      7       8   0.0000000000E+00   0.0000000000E+00
      7       9   3.8939638649E+00   2.2571966482E-01
      7      10   0.0000000000E+00   0.0000000000E+00
      8       9   2.4179158542E+00   3.0672518362E-01
      8      10   0.0000000000E+00   0.0000000000E+00
      9      10   0.0000000000E+00   0.0000000000E+00
