 # CENTERS
 # Cluster_index -F_center Error_{F_center} index_center Cluster_population Cluster_population_no_halo
      1   6.0046532510E+00   1.0968132961E-01    3284    6398    1788
      2   5.5829329117E+00   1.5593410016E-01    4274    3036    1063
      3   6.2540850886E+00   9.6280586021E-02    8678    5999    2603
      4   4.7965762496E+00   1.0120883225E-01   11220    1216     321
      5   4.8787423965E+00   1.8143915032E-01   13855    1956     895
      6   6.0967382605E+00   1.1331810479E-01   14772    1395     487
 # SADDLES:
 # C1 C2 -F_bord_C1_C2 Err_F_bord_1_2
      1       2   2.1873372588E+00   1.4724043011E-01
      1       3   5.5470893115E+00   1.1694056016E-01
      1       4   2.4069360439E+00   3.4543846209E-01
      1       5   0.0000000000E+00   0.0000000000E+00
      1       6   0.0000000000E+00   0.0000000000E+00
      2       3   0.0000000000E+00   0.0000000000E+00
      2       4   4.4386032088E+00   7.5085049801E-02
      2       5   3.7840206192E+00   2.0358660771E-01
      2       6   3.8939638649E+00   2.2571966482E-01
      3       4   2.9677037987E+00   3.9584739066E-01
      3       5   2.3088190109E+00   3.2225169332E-01
      3       6   5.4814767481E+00   1.2027637014E-01
      4       5   0.0000000000E+00   0.0000000000E+00
      4       6   3.8413167876E+00   2.0150945538E-01
      5       6   2.4179158542E+00   3.0672518362E-01
