 # CENTERS
 # Cluster_index -F_center Error_{F_center} index_center Cluster_population Cluster_population_no_halo
      1   5.9401432311E+00   1.0107949310E-01    1163    2639     731
      2   5.7872145371E+00   1.2115589918E-01    1880    1279     199
      3   4.8760151997E+00   1.5546231186E-01    2776     795     108
      4   6.0046532510E+00   1.0968132961E-01    3284    2395     687
      5   5.5829329117E+00   1.5593410016E-01    4274     741     456
      6   5.9610061889E+00   1.2896434682E-01    4561    2152     489
      7   6.2540850886E+00   9.6280586021E-02    8678    3759    1624
      8   4.7965762496E+00   1.0120883225E-01   11220    1216     321
      9   4.9835641036E+00   1.0376464698E-01   12108    1500     488
     10   4.8787423965E+00   1.8143915032E-01   13855    1557     895
     11   6.0967382605E+00   1.1331810479E-01   14772    1395     487
     12   2.8469911679E+00   1.6812943568E-01   15721     572     328
 # SADDLES:
 # C1 C2 -F_bord_C1_C2 Err_F_bord_1_2
      1       2   0.0000000000E+00   0.0000000000E+00
      1       3   0.0000000000E+00   0.0000000000E+00
      1       4   0.0000000000E+00   0.0000000000E+00
      1       5   0.0000000000E+00   0.0000000000E+00
      1       6   0.0000000000E+00   0.0000000000E+00
      1       7   5.5795166301E+00   9.9688727645E-02
      1       8   2.9677037987E+00   3.9584739066E-01
      1       9   0.0000000000E+00   0.0000000000E+00
      1      10   2.3088190109E+00   3.2225169332E-01
      1      11   5.4814767481E+00   1.2027637014E-01
      1      12   0.0000000000E+00   0.0000000000E+00
      2       3   0.0000000000E+00   0.0000000000E+00
      2       4   0.0000000000E+00   0.0000000000E+00
      2       5   0.0000000000E+00   0.0000000000E+00
      2       6   5.4879640703E+00   1.0418616605E-01
      2       7   0.0000000000E+00   0.0000000000E+00
      2       8   2.3620173017E+00   2.1628438712E-01
      2       9   2.1873372588E+00   1.4724043011E-01
      2      10   0.0000000000E+00   0.0000000000E+00
      2      11   0.0000000000E+00   0.0000000000E+00
      2      12   2.3223130930E+00   1.2816746322E-01
      3       4   0.0000000000E+00   0.0000000000E+00
      3       5   4.1621673457E+00   1.7181125374E-01
      3       6   0.0000000000E+00   0.0000000000E+00
      3       7   0.0000000000E+00   0.0000000000E+00
      3       8   0.0000000000E+00   0.0000000000E+00
      3       9   4.4324322445E+00   1.6038293225E-01
      3      10   3.2703077036E+00   2.3487178161E-01
      3      11   0.0000000000E+00   0.0000000000E+00
      3      12   0.0000000000E+00   0.0000000000E+00
      4       5   0.0000000000E+00   0.0000000000E+00
      4       6   5.6397834773E+00   1.1001268941E-01
      4       7   5.5470893115E+00   1.1694056016E-01
      4       8   2.2827226293E+00   3.2225169332E-01
      4       9   0.0000000000E+00   0.0000000000E+00
      4      10   0.0000000000E+00   0.0000000000E+00
      4      11   0.0000000000E+00   0.0000000000E+00
      4      12   0.0000000000E+00   0.0000000000E+00
      5       6   0.0000000000E+00   0.0000000000E+00
      5       7   0.0000000000E+00   0.0000000000E+00
      5       8   0.0000000000E+00   0.0000000000E+00
      5       9   4.4447613938E+00   1.9289098398E-01
      5      10   3.7840206192E+00   2.0358660771E-01
      5      11   3.3690120372E+00   3.3095405001E-01
      5      12   0.0000000000E+00   0.0000000000E+00
      6       7   0.0000000000E+00   0.0000000000E+00
      6       8   2.4069360439E+00   3.4543846209E-01
      6       9   0.0000000000E+00   0.0000000000E+00
      6      10   0.0000000000E+00   0.0000000000E+00
      6      11   0.0000000000E+00   0.0000000000E+00
      6      12   2.2228146869E+00   1.9563980325E-01
      7       8   2.7235997581E+00   3.9584739066E-01
      7       9   0.0000000000E+00   0.0000000000E+00
      7      10   0.0000000000E+00   0.0000000000E+00
      7      11   0.0000000000E+00   0.0000000000E+00
      7      12   0.0000000000E+00   0.0000000000E+00
      8       9   4.4386032088E+00   7.5085049801E-02
      8      10   0.0000000000E+00   0.0000000000E+00
      8      11   3.8413167876E+00   2.0150945538E-01
      8      12   0.0000000000E+00   0.0000000000E+00
      9      10   0.0000000000E+00   0.0000000000E+00
      9      11   3.8939638649E+00   2.2571966482E-01
      9      12   0.0000000000E+00   0.0000000000E+00
     10      11   2.4179158542E+00   3.0672518362E-01
     10      12   0.0000000000E+00   0.0000000000E+00
     11      12   0.0000000000E+00   0.0000000000E+00
