 # CENTERS
 # Cluster_index -F_center Error_{F_center} index_center Cluster_population Cluster_population_no_halo
      1   5.9401432311E+00   1.0107949310E-01    1163    2240     731
      2   5.7872145371E+00   1.2115589918E-01    1880    1279     199
      3   4.8760151997E+00   1.5546231186E-01    2776     739     108
      4   6.0046532510E+00   1.0968132961E-01    3284    2395     687
      5   5.9098044900E+00   1.6933028581E-01    4269    1196     316
      6   5.5829329117E+00   1.5593410016E-01    4274     741     456
      7   5.9610061889E+00   1.2896434682E-01    4561    2152     489
      8   6.2540850886E+00   9.6280586021E-02    8678    2563    1118
      9   4.7965762496E+00   1.0120883225E-01   11220    1216     321
     10   4.9835641036E+00   1.0376464698E-01   12108    1500     488
     11   4.8787423965E+00   1.8143915032E-01   13855    1557     895
     12   6.0967382605E+00   1.1331810479E-01   14772    1395     487
     13   2.8469911679E+00   1.6812943568E-01   15721     572     328
     14   2.7633600746E+00   2.5500619954E-01   17344      56      33
     15   2.7459592238E+00   1.6637511896E-01   19230     399     257
 # SADDLES:
 # C1 C2 -F_bord_C1_C2 Err_F_bord_1_2
      1       2   0.0000000000E+00   0.0000000000E+00
      1       3   0.0000000000E+00   0.0000000000E+00
      1       4   0.0000000000E+00   0.0000000000E+00
      1       5   0.0000000000E+00   0.0000000000E+00
      1       6   0.0000000000E+00   0.0000000000E+00
      1       7   0.0000000000E+00   0.0000000000E+00
      1       8   5.5795166301E+00   9.9688727645E-02
      1       9   2.9677037987E+00   3.9584739066E-01
      1      10   0.0000000000E+00   0.0000000000E+00
      1      11   2.3088190109E+00   3.2225169332E-01
      1      12   5.4814767481E+00   1.2027637014E-01
      1      13   0.0000000000E+00   0.0000000000E+00
      1      14   0.0000000000E+00   0.0000000000E+00
      1      15   2.2629675898E+00   2.9975835679E-01
      2       3   0.0000000000E+00   0.0000000000E+00
      2       4   0.0000000000E+00   0.0000000000E+00
      2       5   0.0000000000E+00   0.0000000000E+00
      2       6   0.0000000000E+00   0.0000000000E+00
      2       7   5.4879640703E+00   1.0418616605E-01
      2       8   0.0000000000E+00   0.0000000000E+00
      2       9   2.3620173017E+00   2.1628438712E-01
      2      10   2.1873372588E+00   1.4724043011E-01
      2      11   0.0000000000E+00   0.0000000000E+00
      2      12   0.0000000000E+00   0.0000000000E+00
      2      13   2.3223130930E+00   1.2816746322E-01
      2      14   0.0000000000E+00   0.0000000000E+00
      2      15   0.0000000000E+00   0.0000000000E+00
      3       4   0.0000000000E+00   0.0000000000E+00
      3       5   0.0000000000E+00   0.0000000000E+00
      3       6   4.1621673457E+00   1.7181125374E-01
      3       7   0.0000000000E+00   0.0000000000E+00
      3       8   0.0000000000E+00   0.0000000000E+00
      3       9   0.0000000000E+00   0.0000000000E+00
      3      10   4.4324322445E+00   1.6038293225E-01
      3      11   3.2703077036E+00   2.3487178161E-01
      3      12   0.0000000000E+00   0.0000000000E+00
      3      13   0.0000000000E+00   0.0000000000E+00
      3      14   2.2139359088E+00   2.0682639013E-01
      3      15   0.0000000000E+00   0.0000000000E+00
      4       5   5.5470893115E+00   1.1694056016E-01
      4       6   0.0000000000E+00   0.0000000000E+00
      4       7   5.6397834773E+00   1.1001268941E-01
      4       8   0.0000000000E+00   0.0000000000E+00
      4       9   2.2827226293E+00   3.2225169332E-01
      4      10   0.0000000000E+00   0.0000000000E+00
      4      11   0.0000000000E+00   0.0000000000E+00
      4      12   0.0000000000E+00   0.0000000000E+00
      4      13   0.0000000000E+00   0.0000000000E+00
      4      14   0.0000000000E+00   0.0000000000E+00
      4      15   0.0000000000E+00   0.0000000000E+00
      5       6   0.0000000000E+00   0.0000000000E+00
      5       7   0.0000000000E+00   0.0000000000E+00
      5       8   5.6159129076E+00   9.4755695700E-02
      5       9   0.0000000000E+00   0.0000000000E+00
      5      10   0.0000000000E+00   0.0000000000E+00
      5      11   0.0000000000E+00   0.0000000000E+00
      5      12   0.0000000000E+00   0.0000000000E+00
      5      13   0.0000000000E+00   0.0000000000E+00
      5      14   0.0000000000E+00   0.0000000000E+00
      5      15   0.0000000000E+00   0.0000000000E+00
      6       7   0.0000000000E+00   0.0000000000E+00
      6       8   0.0000000000E+00   0.0000000000E+00
      6       9   0.0000000000E+00   0.0000000000E+00
      6      10   4.4447613938E+00   1.9289098398E-01
      6      11   3.7840206192E+00   2.0358660771E-01
      6      12   3.3690120372E+00   3.3095405001E-01
      6      13   0.0000000000E+00   0.0000000000E+00
      6      14   0.0000000000E+00   0.0000000000E+00
      6      15   0.0000000000E+00   0.0000000000E+00
      7       8   0.0000000000E+00   0.0000000000E+00
      7       9   2.4069360439E+00   3.4543846209E-01
      7      10   0.0000000000E+00   0.0000000000E+00
      7      11   0.0000000000E+00   0.0000000000E+00
      7      12   0.0000000000E+00   0.0000000000E+00
      7      13   2.2228146869E+00   1.9563980325E-01
      7      14   0.0000000000E+00   0.0000000000E+00
      7      15   0.0000000000E+00   0.0000000000E+00
      8       9   2.7235997581E+00   3.9584739066E-01
      8      10   0.0000000000E+00   0.0000000000E+00
      8      11   0.0000000000E+00   0.0000000000E+00
      8      12   0.0000000000E+00   0.0000000000E+00
      8      13   0.0000000000E+00   0.0000000000E+00
      8      14   0.0000000000E+00   0.0000000000E+00
      8      15   2.2584365479E+00   2.3326897439E-01
      9      10   4.4386032088E+00   7.5085049801E-02
      9      11   0.0000000000E+00   0.0000000000E+00
      9      12   3.8413167876E+00   2.0150945538E-01
      9      13   0.0000000000E+00   0.0000000000E+00
      9      14   0.0000000000E+00   0.0000000000E+00
      9      15   0.0000000000E+00   0.0000000000E+00
     10      11   0.0000000000E+00   0.0000000000E+00
     10      12   3.8939638649E+00   2.2571966482E-01
     10      13   0.0000000000E+00   0.0000000000E+00
     10      14   0.0000000000E+00   0.0000000000E+00
     10      15   0.0000000000E+00   0.0000000000E+00
     11      12   2.4179158542E+00   3.0672518362E-01
     11      13   0.0000000000E+00   0.0000000000E+00
     11      14   2.2043933709E+00   2.1756015568E-01
     11      15   2.2770953257E+00   1.6467459351E-01
     12      13   0.0000000000E+00   0.0000000000E+00
     12      14   0.0000000000E+00   0.0000000000E+00
     12      15   0.0000000000E+00   0.0000000000E+00
     13      14   0.0000000000E+00   0.0000000000E+00
     13      15   0.0000000000E+00   0.0000000000E+00
     14      15   0.0000000000E+00   0.0000000000E+00
