 # CENTERS
 # Cluster_index -F_center Error_{F_center} index_center Cluster_population Cluster_population_no_halo
      1   5.2377397500E+00   1.9850958084E-01     300     178      77
      2   5.3976959865E+00   1.8295101634E-01    1275     587     197
      3   5.6039296822E+00   2.0150945538E-01    1925     279      97
      4   5.7906428825E+00   1.6523562878E-01    2255     709     122
      5   6.4656342016E+00   1.3377901703E-01    2344     969     532
      6   5.0475511729E+00   1.8450131419E-01    2701    1050     111
      7   5.2101451678E+00   1.7181125374E-01    3001     189      64
      8   5.6432525175E+00   1.8772393188E-01    3504     331      77
      9   5.6828544779E+00   1.6090110192E-01    3845     481     129
     10   5.7959932588E+00   2.1628438712E-01    3948     454      81
     11   5.9235970083E+00   1.6753851220E-01    3960     485     150
     12   4.9458370954E+00   1.7440456264E-01    3995     362     148
     13   5.6239399411E+00   1.5641020981E-01    4081     229      70
     14   5.0821281190E+00   1.8772393188E-01    4294     333      72
     15   5.2664082324E+00   2.0794117747E-01    4779     569      43
     16   6.1094307845E+00   1.4969449543E-01    5496     763     240
     17   4.9205073305E+00   1.5835921114E-01    5542     315      55
     18   6.7128169931E+00   1.4159714419E-01    6180    1371     704
     19   5.0275408002E+00   1.6356945585E-01    6647     253      51
     20   5.1485509819E+00   1.7996415414E-01    7784     741     203
     21   5.3984943187E+00   2.1379875601E-01    7910     725     208
     22   5.3618657727E+00   1.9471051538E-01    8254     254      56
     23   4.8236571274E+00   1.4414855029E-01    8323     513     119
     24   5.9267413367E+00   1.5593410016E-01    8935    1604     145
     25   4.9206066789E+00   2.1139688902E-01    9540     344      65
     26   5.2191226093E+00   1.5689070718E-01    9786     400     158
     27   5.2544060019E+00   1.6872665601E-01    9955     840     171
     28   5.9069308674E+00   1.8855631913E-01   10733     675      78
     29   5.1336752666E+00   1.8690247118E-01   10775     223      82
     30   5.3413320427E+00   1.6195268842E-01   11126     671     167
     31   5.4643898635E+00   2.2152730343E-01   11526     314      95
     32   5.2024483437E+00   2.0358660771E-01   12131     464     201
     33   4.9614095743E+00   1.8609170008E-01   13777     609      88
     34   5.5151725623E+00   1.9850958084E-01   14126     693     321
     35   5.6609561195E+00   1.8939987732E-01   14460     559     186
     36   5.3545556437E+00   1.9658252375E-01   16727     406     111
     37   2.9162620902E+00   2.2571966482E-01   18646      58      38
 # SADDLES:
 # C1 C2 -F_bord_C1_C2 Err_F_bord_1_2
      1       2   0.0000000000E+00   0.0000000000E+00
      1       3   0.0000000000E+00   0.0000000000E+00
      1       4   0.0000000000E+00   0.0000000000E+00
      1       5   0.0000000000E+00   0.0000000000E+00
      1       6   0.0000000000E+00   0.0000000000E+00
      1       7   0.0000000000E+00   0.0000000000E+00
      1       8   0.0000000000E+00   0.0000000000E+00
      1       9   0.0000000000E+00   0.0000000000E+00
      1      10   0.0000000000E+00   0.0000000000E+00
      1      11   0.0000000000E+00   0.0000000000E+00
      1      12   4.4270815535E+00   1.5453144077E-01
      1      13   0.0000000000E+00   0.0000000000E+00
      1      14   0.0000000000E+00   0.0000000000E+00
      1      15   0.0000000000E+00   0.0000000000E+00
      1      16   0.0000000000E+00   0.0000000000E+00
      1      17   0.0000000000E+00   0.0000000000E+00
      1      18   0.0000000000E+00   0.0000000000E+00
      1      19   4.6497990223E+00   1.6411923422E-01
      1      20   0.0000000000E+00   0.0000000000E+00
      1      21   0.0000000000E+00   0.0000000000E+00
      1      22   0.0000000000E+00   0.0000000000E+00
      1      23   0.0000000000E+00   0.0000000000E+00
      1      24   0.0000000000E+00   0.0000000000E+00
      1      25   0.0000000000E+00   0.0000000000E+00
      1      26   0.0000000000E+00   0.0000000000E+00
      1      27   0.0000000000E+00   0.0000000000E+00
      1      28   0.0000000000E+00   0.0000000000E+00
      1      29   0.0000000000E+00   0.0000000000E+00
      1      30   0.0000000000E+00   0.0000000000E+00
      1      31   0.0000000000E+00   0.0000000000E+00
      1      32   0.0000000000E+00   0.0000000000E+00
      1      33   0.0000000000E+00   0.0000000000E+00
      1      34   0.0000000000E+00   0.0000000000E+00
      1      35   0.0000000000E+00   0.0000000000E+00
      1      36   0.0000000000E+00   0.0000000000E+00
      1      37   0.0000000000E+00   0.0000000000E+00
      2       3   0.0000000000E+00   0.0000000000E+00
      2       4   0.0000000000E+00   0.0000000000E+00
      2       5   0.0000000000E+00   0.0000000000E+00
      2       6   3.8103699172E+00   9.5947628866E-02
      2       7   0.0000000000E+00   0.0000000000E+00
      2       8   4.9255020602E+00   1.7374524115E-01
      2       9   0.0000000000E+00   0.0000000000E+00
      2      10   0.0000000000E+00   0.0000000000E+00
      2      11   0.0000000000E+00   0.0000000000E+00
      2      12   0.0000000000E+00   0.0000000000E+00
      2      13   0.0000000000E+00   0.0000000000E+00
      2      14   0.0000000000E+00   0.0000000000E+00
      2      15   0.0000000000E+00   0.0000000000E+00
      2      16   0.0000000000E+00   0.0000000000E+00
      2      17   0.0000000000E+00   0.0000000000E+00
      2      18   0.0000000000E+00   0.0000000000E+00
      2      19   0.0000000000E+00   0.0000000000E+00
      2      20   4.6155325029E+00   1.7507144703E-01
      2      21   0.0000000000E+00   0.0000000000E+00
      2      22   0.0000000000E+00   0.0000000000E+00
      2      23   0.0000000000E+00   0.0000000000E+00
      2      24   3.4619080892E+00   3.2225169332E-01
      2      25   0.0000000000E+00   0.0000000000E+00
      2      26   0.0000000000E+00   0.0000000000E+00
      2      27   0.0000000000E+00   0.0000000000E+00
      2      28   0.0000000000E+00   0.0000000000E+00
      2      29   0.0000000000E+00   0.0000000000E+00
      2      30   0.0000000000E+00   0.0000000000E+00
      2      31   0.0000000000E+00   0.0000000000E+00
      2      32   0.0000000000E+00   0.0000000000E+00
      2      33   0.0000000000E+00   0.0000000000E+00
      2      34   0.0000000000E+00   0.0000000000E+00
      2      35   0.0000000000E+00   0.0000000000E+00
      2      36   0.0000000000E+00   0.0000000000E+00
      2      37   0.0000000000E+00   0.0000000000E+00
      3       4   0.0000000000E+00   0.0000000000E+00
      3       5   0.0000000000E+00   0.0000000000E+00
      3       6   0.0000000000E+00   0.0000000000E+00
      3       7   4.6257148587E+00   1.7924001821E-01
      3       8   0.0000000000E+00   0.0000000000E+00
      3       9   0.0000000000E+00   0.0000000000E+00
      3      10   0.0000000000E+00   0.0000000000E+00
      3      11   0.0000000000E+00   0.0000000000E+00
      3      12   0.0000000000E+00   0.0000000000E+00
      3      13   0.0000000000E+00   0.0000000000E+00
      3      14   0.0000000000E+00   0.0000000000E+00
      3      15   0.0000000000E+00   0.0000000000E+00
      3      16   0.0000000000E+00   0.0000000000E+00
      3      17   2.0968594070E+00   2.3487178161E-01
      3      18   0.0000000000E+00   0.0000000000E+00
      3      19   0.0000000000E+00   0.0000000000E+00
      3      20   0.0000000000E+00   0.0000000000E+00
      3      21   0.0000000000E+00   0.0000000000E+00
      3      22   0.0000000000E+00   0.0000000000E+00
      3      23   0.0000000000E+00   0.0000000000E+00
      3      24   0.0000000000E+00   0.0000000000E+00
      3      25   0.0000000000E+00   0.0000000000E+00
      3      26   0.0000000000E+00   0.0000000000E+00
      3      27   2.5458704100E+00   1.8143915032E-01
      3      28   0.0000000000E+00   0.0000000000E+00
      3      29   4.7552242695E+00   1.8372126007E-01
      3      30   0.0000000000E+00   0.0000000000E+00
      3      31   2.9474597595E+00   3.6808133743E-01
      3      32   0.0000000000E+00   0.0000000000E+00
      3      33   0.0000000000E+00   0.0000000000E+00
      3      34   0.0000000000E+00   0.0000000000E+00
      3      35   0.0000000000E+00   0.0000000000E+00
      3      36   0.0000000000E+00   0.0000000000E+00
      3      37   0.0000000000E+00   0.0000000000E+00
      4       5   2.5901952945E+00   3.9584739066E-01
      4       6   0.0000000000E+00   0.0000000000E+00
      4       7   0.0000000000E+00   0.0000000000E+00
      4       8   0.0000000000E+00   0.0000000000E+00
      4       9   0.0000000000E+00   0.0000000000E+00
      4      10   0.0000000000E+00   0.0000000000E+00
      4      11   5.4108735460E+00   1.8372126007E-01
      4      12   0.0000000000E+00   0.0000000000E+00
      4      13   0.0000000000E+00   0.0000000000E+00
      4      14   0.0000000000E+00   0.0000000000E+00
      4      15   0.0000000000E+00   0.0000000000E+00
      4      16   0.0000000000E+00   0.0000000000E+00
      4      17   0.0000000000E+00   0.0000000000E+00
      4      18   0.0000000000E+00   0.0000000000E+00
      4      19   0.0000000000E+00   0.0000000000E+00
      4      20   0.0000000000E+00   0.0000000000E+00
      4      21   0.0000000000E+00   0.0000000000E+00
      4      22   0.0000000000E+00   0.0000000000E+00
      4      23   0.0000000000E+00   0.0000000000E+00
      4      24   0.0000000000E+00   0.0000000000E+00
      4      25   0.0000000000E+00   0.0000000000E+00
      4      26   0.0000000000E+00   0.0000000000E+00
      4      27   0.0000000000E+00   0.0000000000E+00
      4      28   0.0000000000E+00   0.0000000000E+00
      4      29   2.7051330876E+00   4.5250624831E-01
      4      30   0.0000000000E+00   0.0000000000E+00
      4      31   5.1094248486E+00   1.4927695595E-01
      4      32   0.0000000000E+00   0.0000000000E+00
      4      33   0.0000000000E+00   0.0000000000E+00
      4      34   3.8333351738E+00   2.6604585934E-01
      4      35   0.0000000000E+00   0.0000000000E+00
      4      36   0.0000000000E+00   0.0000000000E+00
      4      37   0.0000000000E+00   0.0000000000E+00
      5       6   0.0000000000E+00   0.0000000000E+00
      5       7   0.0000000000E+00   0.0000000000E+00
      5       8   0.0000000000E+00   0.0000000000E+00
      5       9   0.0000000000E+00   0.0000000000E+00
      5      10   0.0000000000E+00   0.0000000000E+00
      5      11   2.7774173846E+00   3.5622175592E-01
      5      12   0.0000000000E+00   0.0000000000E+00
      5      13   0.0000000000E+00   0.0000000000E+00
      5      14   0.0000000000E+00   0.0000000000E+00
      5      15   0.0000000000E+00   0.0000000000E+00
      5      16   2.4258767868E+00   4.2135048580E-01
      5      17   0.0000000000E+00   0.0000000000E+00
      5      18   2.6456886961E+00   3.9584739066E-01
      5      19   0.0000000000E+00   0.0000000000E+00
      5      20   0.0000000000E+00   0.0000000000E+00
      5      21   0.0000000000E+00   0.0000000000E+00
      5      22   0.0000000000E+00   0.0000000000E+00
      5      23   0.0000000000E+00   0.0000000000E+00
      5      24   0.0000000000E+00   0.0000000000E+00
      5      25   0.0000000000E+00   0.0000000000E+00
      5      26   0.0000000000E+00   0.0000000000E+00
      5      27   0.0000000000E+00   0.0000000000E+00
      5      28   5.5619753453E+00   1.4231225895E-01
      5      29   0.0000000000E+00   0.0000000000E+00
      5      30   3.5257190398E+00   3.5070593438E-01
      5      31   3.2894581597E+00   4.3101131190E-01
      5      32   0.0000000000E+00   0.0000000000E+00
      5      33   0.0000000000E+00   0.0000000000E+00
      5      34   0.0000000000E+00   0.0000000000E+00
      5      35   0.0000000000E+00   0.0000000000E+00
      5      36   0.0000000000E+00   0.0000000000E+00
      5      37   0.0000000000E+00   0.0000000000E+00
      6       7   0.0000000000E+00   0.0000000000E+00
      6       8   0.0000000000E+00   0.0000000000E+00
      6       9   0.0000000000E+00   0.0000000000E+00
      6      10   0.0000000000E+00   0.0000000000E+00
      6      11   0.0000000000E+00   0.0000000000E+00
      6      12   0.0000000000E+00   0.0000000000E+00
      6      13   0.0000000000E+00   0.0000000000E+00
      6      14   4.7110242162E+00   1.6994044057E-01
      6      15   0.0000000000E+00   0.0000000000E+00
      6      16   0.0000000000E+00   0.0000000000E+00
      6      17   0.0000000000E+00   0.0000000000E+00
      6      18   0.0000000000E+00   0.0000000000E+00
      6      19   0.0000000000E+00   0.0000000000E+00
      6      20   0.0000000000E+00   0.0000000000E+00
      6      21   0.0000000000E+00   0.0000000000E+00
      6      22   0.0000000000E+00   0.0000000000E+00
      6      23   0.0000000000E+00   0.0000000000E+00
      6      24   0.0000000000E+00   0.0000000000E+00
      6      25   4.5192643086E+00   1.6812943568E-01
      6      26   0.0000000000E+00   0.0000000000E+00
      6      27   0.0000000000E+00   0.0000000000E+00
      6      28   0.0000000000E+00   0.0000000000E+00
      6      29   0.0000000000E+00   0.0000000000E+00
      6      30   0.0000000000E+00   0.0000000000E+00
      6      31   0.0000000000E+00   0.0000000000E+00
      6      32   0.0000000000E+00   0.0000000000E+00
      6      33   0.0000000000E+00   0.0000000000E+00
      6      34   0.0000000000E+00   0.0000000000E+00
      6      35   0.0000000000E+00   0.0000000000E+00
      6      36   0.0000000000E+00   0.0000000000E+00
      6      37   0.0000000000E+00   0.0000000000E+00
      7       8   0.0000000000E+00   0.0000000000E+00
      7       9   0.0000000000E+00   0.0000000000E+00
      7      10   0.0000000000E+00   0.0000000000E+00
      7      11   0.0000000000E+00   0.0000000000E+00
      7      12   0.0000000000E+00   0.0000000000E+00
      7      13   0.0000000000E+00   0.0000000000E+00
      7      14   0.0000000000E+00   0.0000000000E+00
      7      15   0.0000000000E+00   0.0000000000E+00
      7      16   0.0000000000E+00   0.0000000000E+00
      7      17   0.0000000000E+00   0.0000000000E+00
      7      18   0.0000000000E+00   0.0000000000E+00
      7      19   0.0000000000E+00   0.0000000000E+00
      7      20   0.0000000000E+00   0.0000000000E+00
      7      21   0.0000000000E+00   0.0000000000E+00
      7      22   0.0000000000E+00   0.0000000000E+00
      7      23   0.0000000000E+00   0.0000000000E+00
      7      24   0.0000000000E+00   0.0000000000E+00
      7      25   0.0000000000E+00   0.0000000000E+00
      7      26   0.0000000000E+00   0.0000000000E+00
      7      27   4.7183590310E+00   2.0358660771E-01
      7      28   0.0000000000E+00   0.0000000000E+00
      7      29   0.0000000000E+00   0.0000000000E+00
      7      30   3.0226122381E+00   3.5622175592E-01
      7      31   0.0000000000E+00   0.0000000000E+00
      7      32   0.0000000000E+00   0.0000000000E+00
      7      33   0.0000000000E+00   0.0000000000E+00
      7      34   0.0000000000E+00   0.0000000000E+00
      7      35   0.0000000000E+00   0.0000000000E+00
      7      36   0.0000000000E+00   0.0000000000E+00
      7      37   0.0000000000E+00   0.0000000000E+00
      8       9   0.0000000000E+00   0.0000000000E+00
      8      10   0.0000000000E+00   0.0000000000E+00
      8      11   0.0000000000E+00   0.0000000000E+00
      8      12   0.0000000000E+00   0.0000000000E+00
      8      13   5.2778712708E+00   1.7996415414E-01
      8      14   3.1058004182E+00   3.6808133743E-01
      8      15   0.0000000000E+00   0.0000000000E+00
      8      16   0.0000000000E+00   0.0000000000E+00
      8      17   0.0000000000E+00   0.0000000000E+00
      8      18   3.2811172423E+00   3.6808133743E-01
      8      19   0.0000000000E+00   0.0000000000E+00
      8      20   0.0000000000E+00   0.0000000000E+00
      8      21   0.0000000000E+00   0.0000000000E+00
      8      22   0.0000000000E+00   0.0000000000E+00
      8      23   0.0000000000E+00   0.0000000000E+00
      8      24   0.0000000000E+00   0.0000000000E+00
      8      25   0.0000000000E+00   0.0000000000E+00
      8      26   0.0000000000E+00   0.0000000000E+00
      8      27   0.0000000000E+00   0.0000000000E+00
      8      28   0.0000000000E+00   0.0000000000E+00
      8      29   0.0000000000E+00   0.0000000000E+00
      8      30   0.0000000000E+00   0.0000000000E+00
      8      31   0.0000000000E+00   0.0000000000E+00
      8      32   0.0000000000E+00   0.0000000000E+00
      8      33   0.0000000000E+00   0.0000000000E+00
      8      34   0.0000000000E+00   0.0000000000E+00
      8      35   0.0000000000E+00   0.0000000000E+00
      8      36   0.0000000000E+00   0.0000000000E+00
      8      37   0.0000000000E+00   0.0000000000E+00
      9      10   5.3975513669E+00   1.5407223208E-01
      9      11   0.0000000000E+00   0.0000000000E+00
      9      12   0.0000000000E+00   0.0000000000E+00
      9      13   0.0000000000E+00   0.0000000000E+00
      9      14   0.0000000000E+00   0.0000000000E+00
      9      15   0.0000000000E+00   0.0000000000E+00
      9      16   0.0000000000E+00   0.0000000000E+00
      9      17   0.0000000000E+00   0.0000000000E+00
      9      18   3.4996368185E+00   3.6808133743E-01
      9      19   0.0000000000E+00   0.0000000000E+00
      9      20   0.0000000000E+00   0.0000000000E+00
      9      21   0.0000000000E+00   0.0000000000E+00
      9      22   0.0000000000E+00   0.0000000000E+00
      9      23   0.0000000000E+00   0.0000000000E+00
      9      24   0.0000000000E+00   0.0000000000E+00
      9      25   0.0000000000E+00   0.0000000000E+00
      9      26   0.0000000000E+00   0.0000000000E+00
      9      27   0.0000000000E+00   0.0000000000E+00
      9      28   5.2921365356E+00   1.6090110192E-01
      9      29   0.0000000000E+00   0.0000000000E+00
      9      30   0.0000000000E+00   0.0000000000E+00
      9      31   0.0000000000E+00   0.0000000000E+00
      9      32   0.0000000000E+00   0.0000000000E+00
      9      33   0.0000000000E+00   0.0000000000E+00
      9      34   0.0000000000E+00   0.0000000000E+00
      9      35   3.5640230566E+00   3.5622175592E-01
      9      36   0.0000000000E+00   0.0000000000E+00
      9      37   0.0000000000E+00   0.0000000000E+00
     10      11   0.0000000000E+00   0.0000000000E+00
     10      12   0.0000000000E+00   0.0000000000E+00
     10      13   5.0988407969E+00   1.6411923422E-01
     10      14   0.0000000000E+00   0.0000000000E+00
     10      15   0.0000000000E+00   0.0000000000E+00
     10      16   0.0000000000E+00   0.0000000000E+00
     10      17   0.0000000000E+00   0.0000000000E+00
     10      18   3.1649559134E+00   3.6808133743E-01
     10      19   0.0000000000E+00   0.0000000000E+00
     10      20   0.0000000000E+00   0.0000000000E+00
     10      21   2.7424198665E+00   4.2135048580E-01
     10      22   0.0000000000E+00   0.0000000000E+00
     10      23   0.0000000000E+00   0.0000000000E+00
     10      24   0.0000000000E+00   0.0000000000E+00
     10      25   0.0000000000E+00   0.0000000000E+00
     10      26   0.0000000000E+00   0.0000000000E+00
     10      27   0.0000000000E+00   0.0000000000E+00
     10      28   0.0000000000E+00   0.0000000000E+00
     10      29   0.0000000000E+00   0.0000000000E+00
     10      30   0.0000000000E+00   0.0000000000E+00
     10      31   0.0000000000E+00   0.0000000000E+00
     10      32   0.0000000000E+00   0.0000000000E+00
     10      33   0.0000000000E+00   0.0000000000E+00
     10      34   0.0000000000E+00   0.0000000000E+00
     10      35   3.8835442691E+00   4.6453145608E-01
     10      36   0.0000000000E+00   0.0000000000E+00
     10      37   0.0000000000E+00   0.0000000000E+00
     11      12   0.0000000000E+00   0.0000000000E+00
     11      13   0.0000000000E+00   0.0000000000E+00
     11      14   0.0000000000E+00   0.0000000000E+00
     11      15   0.0000000000E+00   0.0000000000E+00
     11      16   5.5733663926E+00   2.1139688902E-01
     11      17   0.0000000000E+00   0.0000000000E+00
     11      18   0.0000000000E+00   0.0000000000E+00
     11      19   0.0000000000E+00   0.0000000000E+00
     11      20   0.0000000000E+00   0.0000000000E+00
     11      21   0.0000000000E+00   0.0000000000E+00
     11      22   0.0000000000E+00   0.0000000000E+00
     11      23   0.0000000000E+00   0.0000000000E+00
     11      24   2.5516708281E+00   4.3101131190E-01
     11      25   0.0000000000E+00   0.0000000000E+00
     11      26   0.0000000000E+00   0.0000000000E+00
     11      27   0.0000000000E+00   0.0000000000E+00
     11      28   0.0000000000E+00   0.0000000000E+00
     11      29   0.0000000000E+00   0.0000000000E+00
     11      30   0.0000000000E+00   0.0000000000E+00
     11      31   0.0000000000E+00   0.0000000000E+00
     11      32   0.0000000000E+00   0.0000000000E+00
     11      33   0.0000000000E+00   0.0000000000E+00
     11      34   0.0000000000E+00   0.0000000000E+00
     11      35   0.0000000000E+00   0.0000000000E+00
     11      36   3.0584852559E+00   4.2135048580E-01
     11      37   0.0000000000E+00   0.0000000000E+00
     12      13   0.0000000000E+00   0.0000000000E+00
     12      14   0.0000000000E+00   0.0000000000E+00
     12      15   0.0000000000E+00   0.0000000000E+00
     12      16   0.0000000000E+00   0.0000000000E+00
     12      17   0.0000000000E+00   0.0000000000E+00
     12      18   0.0000000000E+00   0.0000000000E+00
     12      19   2.6820773417E+00   4.2135048580E-01
     12      20   0.0000000000E+00   0.0000000000E+00
     12      21   0.0000000000E+00   0.0000000000E+00
     12      22   0.0000000000E+00   0.0000000000E+00
     12      23   4.3948637660E+00   1.8855631913E-01
     12      24   0.0000000000E+00   0.0000000000E+00
     12      25   0.0000000000E+00   0.0000000000E+00
     12      26   3.6418758589E+00   3.0318178032E-01
     12      27   0.0000000000E+00   0.0000000000E+00
     12      28   0.0000000000E+00   0.0000000000E+00
     12      29   0.0000000000E+00   0.0000000000E+00
     12      30   0.0000000000E+00   0.0000000000E+00
     12      31   0.0000000000E+00   0.0000000000E+00
     12      32   0.0000000000E+00   0.0000000000E+00
     12      33   0.0000000000E+00   0.0000000000E+00
     12      34   0.0000000000E+00   0.0000000000E+00
     12      35   3.0355990317E+00   3.1815014096E-01
     12      36   0.0000000000E+00   0.0000000000E+00
     12      37   0.0000000000E+00   0.0000000000E+00
     13      14   0.0000000000E+00   0.0000000000E+00
     13      15   0.0000000000E+00   0.0000000000E+00
     13      16   0.0000000000E+00   0.0000000000E+00
     13      17   0.0000000000E+00   0.0000000000E+00
     13      18   3.0913406088E+00   4.0382783841E-01
     13      19   0.0000000000E+00   0.0000000000E+00
     13      20   0.0000000000E+00   0.0000000000E+00
     13      21   3.1264441283E+00   3.9584739066E-01
     13      22   0.0000000000E+00   0.0000000000E+00
     13      23   0.0000000000E+00   0.0000000000E+00
     13      24   0.0000000000E+00   0.0000000000E+00
     13      25   0.0000000000E+00   0.0000000000E+00
     13      26   0.0000000000E+00   0.0000000000E+00
     13      27   0.0000000000E+00   0.0000000000E+00
     13      28   0.0000000000E+00   0.0000000000E+00
     13      29   0.0000000000E+00   0.0000000000E+00
     13      30   0.0000000000E+00   0.0000000000E+00
     13      31   0.0000000000E+00   0.0000000000E+00
     13      32   0.0000000000E+00   0.0000000000E+00
     13      33   0.0000000000E+00   0.0000000000E+00
     13      34   0.0000000000E+00   0.0000000000E+00
     13      35   0.0000000000E+00   0.0000000000E+00
     13      36   0.0000000000E+00   0.0000000000E+00
     13      37   0.0000000000E+00   0.0000000000E+00
     14      15   0.0000000000E+00   0.0000000000E+00
     14      16   0.0000000000E+00   0.0000000000E+00
     14      17   0.0000000000E+00   0.0000000000E+00
     14      18   0.0000000000E+00   0.0000000000E+00
     14      19   0.0000000000E+00   0.0000000000E+00
     14      20   0.0000000000E+00   0.0000000000E+00
     14      21   4.6612348609E+00   1.6753851220E-01
     14      22   0.0000000000E+00   0.0000000000E+00
     14      23   0.0000000000E+00   0.0000000000E+00
     14      24   0.0000000000E+00   0.0000000000E+00
     14      25   0.0000000000E+00   0.0000000000E+00
     14      26   0.0000000000E+00   0.0000000000E+00
     14      27   0.0000000000E+00   0.0000000000E+00
     14      28   0.0000000000E+00   0.0000000000E+00
     14      29   0.0000000000E+00   0.0000000000E+00
     14      30   0.0000000000E+00   0.0000000000E+00
     14      31   0.0000000000E+00   0.0000000000E+00
     14      32   0.0000000000E+00   0.0000000000E+00
     14      33   0.0000000000E+00   0.0000000000E+00
     14      34   0.0000000000E+00   0.0000000000E+00
     14      35   0.0000000000E+00   0.0000000000E+00
     14      36   0.0000000000E+00   0.0000000000E+00
     14      37   0.0000000000E+00   0.0000000000E+00
     15      16   0.0000000000E+00   0.0000000000E+00
     15      17   0.0000000000E+00   0.0000000000E+00
     15      18   0.0000000000E+00   0.0000000000E+00
     15      19   0.0000000000E+00   0.0000000000E+00
     15      20   1.9508800114E+00   2.2865050247E-01
     15      21   0.0000000000E+00   0.0000000000E+00
     15      22   4.8036956401E+00   1.6580243736E-01
     15      23   0.0000000000E+00   0.0000000000E+00
     15      24   3.0835592250E+00   3.6200605948E-01
     15      25   0.0000000000E+00   0.0000000000E+00
     15      26   0.0000000000E+00   0.0000000000E+00
     15      27   0.0000000000E+00   0.0000000000E+00
     15      28   0.0000000000E+00   0.0000000000E+00
     15      29   0.0000000000E+00   0.0000000000E+00
     15      30   0.0000000000E+00   0.0000000000E+00
     15      31   0.0000000000E+00   0.0000000000E+00
     15      32   4.5647941099E+00   1.9112152293E-01
     15      33   2.1643271000E+00   1.7440456264E-01
     15      34   0.0000000000E+00   0.0000000000E+00
     15      35   0.0000000000E+00   0.0000000000E+00
     15      36   2.6970697343E+00   3.0318178032E-01
     15      37   2.3256293892E+00   2.3817905969E-01
     16      17   0.0000000000E+00   0.0000000000E+00
     16      18   2.7456318709E+00   4.3101131190E-01
     16      19   0.0000000000E+00   0.0000000000E+00
     16      20   0.0000000000E+00   0.0000000000E+00
     16      21   0.0000000000E+00   0.0000000000E+00
     16      22   0.0000000000E+00   0.0000000000E+00
     16      23   0.0000000000E+00   0.0000000000E+00
     16      24   3.2073967942E+00   4.3101131190E-01
     16      25   0.0000000000E+00   0.0000000000E+00
     16      26   0.0000000000E+00   0.0000000000E+00
     16      27   0.0000000000E+00   0.0000000000E+00
     16      28   0.0000000000E+00   0.0000000000E+00
     16      29   0.0000000000E+00   0.0000000000E+00
     16      30   0.0000000000E+00   0.0000000000E+00
     16      31   0.0000000000E+00   0.0000000000E+00
     16      32   0.0000000000E+00   0.0000000000E+00
     16      33   0.0000000000E+00   0.0000000000E+00
     16      34   0.0000000000E+00   0.0000000000E+00
     16      35   0.0000000000E+00   0.0000000000E+00
     16      36   0.0000000000E+00   0.0000000000E+00
     16      37   0.0000000000E+00   0.0000000000E+00
     17      18   0.0000000000E+00   0.0000000000E+00
     17      19   0.0000000000E+00   0.0000000000E+00
     17      20   0.0000000000E+00   0.0000000000E+00
     17      21   0.0000000000E+00   0.0000000000E+00
     17      22   0.0000000000E+00   0.0000000000E+00
     17      23   0.0000000000E+00   0.0000000000E+00
     17      24   0.0000000000E+00   0.0000000000E+00
     17      25   0.0000000000E+00   0.0000000000E+00
     17      26   0.0000000000E+00   0.0000000000E+00
     17      27   2.1848608626E+00   2.6372328448E-01
     17      28   0.0000000000E+00   0.0000000000E+00
     17      29   2.8732532704E+00   4.0382783841E-01
     17      30   0.0000000000E+00   0.0000000000E+00
     17      31   0.0000000000E+00   0.0000000000E+00
     17      32   0.0000000000E+00   0.0000000000E+00
     17      33   4.6129942465E+00   1.5835921114E-01
     17      34   2.9274705250E+00   3.3557802761E-01
     17      35   0.0000000000E+00   0.0000000000E+00
     17      36   0.0000000000E+00   0.0000000000E+00
     17      37   0.0000000000E+00   0.0000000000E+00
     18      19   0.0000000000E+00   0.0000000000E+00
     18      20   0.0000000000E+00   0.0000000000E+00
     18      21   0.0000000000E+00   0.0000000000E+00
     18      22   0.0000000000E+00   0.0000000000E+00
     18      23   0.0000000000E+00   0.0000000000E+00
     18      24   5.5758260475E+00   1.4054440109E-01
     18      25   0.0000000000E+00   0.0000000000E+00
     18      26   0.0000000000E+00   0.0000000000E+00
     18      27   0.0000000000E+00   0.0000000000E+00
     18      28   3.0300366678E+00   3.3095405001E-01
     18      29   0.0000000000E+00   0.0000000000E+00
     18      30   0.0000000000E+00   0.0000000000E+00
     18      31   0.0000000000E+00   0.0000000000E+00
     18      32   0.0000000000E+00   0.0000000000E+00
     18      33   0.0000000000E+00   0.0000000000E+00
     18      34   0.0000000000E+00   0.0000000000E+00
     18      35   0.0000000000E+00   0.0000000000E+00
     18      36   0.0000000000E+00   0.0000000000E+00
     18      37   0.0000000000E+00   0.0000000000E+00
     19      20   0.0000000000E+00   0.0000000000E+00
     19      21   0.0000000000E+00   0.0000000000E+00
     19      22   0.0000000000E+00   0.0000000000E+00
     19      23   0.0000000000E+00   0.0000000000E+00
     19      24   0.0000000000E+00   0.0000000000E+00
     19      25   0.0000000000E+00   0.0000000000E+00
     19      26   1.7813320374E+00   5.6451866106E-01
     19      27   4.4416377116E+00   1.5227550050E-01
     19      28   0.0000000000E+00   0.0000000000E+00
     19      29   0.0000000000E+00   0.0000000000E+00
     19      30   3.2858385008E+00   2.5095969643E-01
     19      31   0.0000000000E+00   0.0000000000E+00
     19      32   0.0000000000E+00   0.0000000000E+00
     19      33   0.0000000000E+00   0.0000000000E+00
     19      34   0.0000000000E+00   0.0000000000E+00
     19      35   0.0000000000E+00   0.0000000000E+00
     19      36   0.0000000000E+00   0.0000000000E+00
     19      37   0.0000000000E+00   0.0000000000E+00
     20      21   0.0000000000E+00   0.0000000000E+00
     20      22   4.8202430696E+00   1.7118080154E-01
     20      23   0.0000000000E+00   0.0000000000E+00
     20      24   3.4033688757E+00   3.4040125716E-01
     20      25   2.6421877718E+00   3.4040125716E-01
     20      26   0.0000000000E+00   0.0000000000E+00
     20      27   0.0000000000E+00   0.0000000000E+00
     20      28   0.0000000000E+00   0.0000000000E+00
     20      29   0.0000000000E+00   0.0000000000E+00
     20      30   0.0000000000E+00   0.0000000000E+00
     20      31   0.0000000000E+00   0.0000000000E+00
     20      32   0.0000000000E+00   0.0000000000E+00
     20      33   0.0000000000E+00   0.0000000000E+00
     20      34   0.0000000000E+00   0.0000000000E+00
     20      35   0.0000000000E+00   0.0000000000E+00
     20      36   0.0000000000E+00   0.0000000000E+00
     20      37   0.0000000000E+00   0.0000000000E+00
     21      22   0.0000000000E+00   0.0000000000E+00
     21      23   2.9771680449E+00   2.5925492233E-01
     21      24   0.0000000000E+00   0.0000000000E+00
     21      25   0.0000000000E+00   0.0000000000E+00
     21      26   0.0000000000E+00   0.0000000000E+00
     21      27   0.0000000000E+00   0.0000000000E+00
     21      28   0.0000000000E+00   0.0000000000E+00
     21      29   0.0000000000E+00   0.0000000000E+00
     21      30   0.0000000000E+00   0.0000000000E+00
     21      31   0.0000000000E+00   0.0000000000E+00
     21      32   0.0000000000E+00   0.0000000000E+00
     21      33   0.0000000000E+00   0.0000000000E+00
     21      34   0.0000000000E+00   0.0000000000E+00
     21      35   4.5907550717E+00   1.9025485854E-01
     21      36   0.0000000000E+00   0.0000000000E+00
     21      37   0.0000000000E+00   0.0000000000E+00
     22      23   0.0000000000E+00   0.0000000000E+00
     22      24   3.2463770740E+00   3.3095405001E-01
     22      25   0.0000000000E+00   0.0000000000E+00
     22      26   0.0000000000E+00   0.0000000000E+00
     22      27   0.0000000000E+00   0.0000000000E+00
     22      28   0.0000000000E+00   0.0000000000E+00
     22      29   0.0000000000E+00   0.0000000000E+00
     22      30   0.0000000000E+00   0.0000000000E+00
     22      31   0.0000000000E+00   0.0000000000E+00
     22      32   0.0000000000E+00   0.0000000000E+00
     22      33   0.0000000000E+00   0.0000000000E+00
     22      34   0.0000000000E+00   0.0000000000E+00
     22      35   0.0000000000E+00   0.0000000000E+00
     22      36   0.0000000000E+00   0.0000000000E+00
     22      37   0.0000000000E+00   0.0000000000E+00
     23      24   0.0000000000E+00   0.0000000000E+00
     23      25   0.0000000000E+00   0.0000000000E+00
     23      26   0.0000000000E+00   0.0000000000E+00
     23      27   0.0000000000E+00   0.0000000000E+00
     23      28   0.0000000000E+00   0.0000000000E+00
     23      29   0.0000000000E+00   0.0000000000E+00
     23      30   0.0000000000E+00   0.0000000000E+00
     23      31   0.0000000000E+00   0.0000000000E+00
     23      32   0.0000000000E+00   0.0000000000E+00
     23      33   0.0000000000E+00   0.0000000000E+00
     23      34   0.0000000000E+00   0.0000000000E+00
     23      35   3.1792085077E+00   3.9584739066E-01
     23      36   0.0000000000E+00   0.0000000000E+00
     23      37   0.0000000000E+00   0.0000000000E+00
     24      25   0.0000000000E+00   0.0000000000E+00
     24      26   0.0000000000E+00   0.0000000000E+00
     24      27   0.0000000000E+00   0.0000000000E+00
     24      28   0.0000000000E+00   0.0000000000E+00
     24      29   0.0000000000E+00   0.0000000000E+00
     24      30   0.0000000000E+00   0.0000000000E+00
     24      31   0.0000000000E+00   0.0000000000E+00
     24      32   0.0000000000E+00   0.0000000000E+00
     24      33   0.0000000000E+00   0.0000000000E+00
     24      34   0.0000000000E+00   0.0000000000E+00
     24      35   0.0000000000E+00   0.0000000000E+00
     24      36   4.9656436539E+00   1.5453144077E-01
     24      37   0.0000000000E+00   0.0000000000E+00
     25      26   0.0000000000E+00   0.0000000000E+00
     25      27   0.0000000000E+00   0.0000000000E+00
     25      28   0.0000000000E+00   0.0000000000E+00
     25      29   0.0000000000E+00   0.0000000000E+00
     25      30   0.0000000000E+00   0.0000000000E+00
     25      31   0.0000000000E+00   0.0000000000E+00
     25      32   0.0000000000E+00   0.0000000000E+00
     25      33   0.0000000000E+00   0.0000000000E+00
     25      34   0.0000000000E+00   0.0000000000E+00
     25      35   0.0000000000E+00   0.0000000000E+00
     25      36   0.0000000000E+00   0.0000000000E+00
     25      37   0.0000000000E+00   0.0000000000E+00
     26      27   0.0000000000E+00   0.0000000000E+00
     26      28   3.1885440819E+00   3.0672518362E-01
     26      29   0.0000000000E+00   0.0000000000E+00
     26      30   4.7926069257E+00   1.5986973654E-01
     26      31   0.0000000000E+00   0.0000000000E+00
     26      32   0.0000000000E+00   0.0000000000E+00
     26      33   0.0000000000E+00   0.0000000000E+00
     26      34   0.0000000000E+00   0.0000000000E+00
     26      35   4.8105666064E+00   1.8855631913E-01
     26      36   0.0000000000E+00   0.0000000000E+00
     26      37   0.0000000000E+00   0.0000000000E+00
     27      28   0.0000000000E+00   0.0000000000E+00
     27      29   0.0000000000E+00   0.0000000000E+00
     27      30   3.4184798658E+00   3.1420123455E-01
     27      31   0.0000000000E+00   0.0000000000E+00
     27      32   0.0000000000E+00   0.0000000000E+00
     27      33   0.0000000000E+00   0.0000000000E+00
     27      34   0.0000000000E+00   0.0000000000E+00
     27      35   0.0000000000E+00   0.0000000000E+00
     27      36   0.0000000000E+00   0.0000000000E+00
     27      37   0.0000000000E+00   0.0000000000E+00
     28      29   0.0000000000E+00   0.0000000000E+00
     28      30   3.0106102774E+00   3.4543846209E-01
     28      31   0.0000000000E+00   0.0000000000E+00
     28      32   0.0000000000E+00   0.0000000000E+00
     28      33   0.0000000000E+00   0.0000000000E+00
     28      34   0.0000000000E+00   0.0000000000E+00
     28      35   0.0000000000E+00   0.0000000000E+00
     28      36   0.0000000000E+00   0.0000000000E+00
     28      37   0.0000000000E+00   0.0000000000E+00
     29      30   0.0000000000E+00   0.0000000000E+00
     29      31   2.5555994941E+00   3.7447280950E-01
     29      32   0.0000000000E+00   0.0000000000E+00
     29      33   0.0000000000E+00   0.0000000000E+00
     29      34   4.7596703319E+00   1.6523562878E-01
     29      35   0.0000000000E+00   0.0000000000E+00
     29      36   0.0000000000E+00   0.0000000000E+00
     29      37   0.0000000000E+00   0.0000000000E+00
     30      31   4.9618596141E+00   1.5593410016E-01
     30      32   0.0000000000E+00   0.0000000000E+00
     30      33   0.0000000000E+00   0.0000000000E+00
     30      34   0.0000000000E+00   0.0000000000E+00
     30      35   0.0000000000E+00   0.0000000000E+00
     30      36   0.0000000000E+00   0.0000000000E+00
     30      37   0.0000000000E+00   0.0000000000E+00
     31      32   0.0000000000E+00   0.0000000000E+00
     31      33   0.0000000000E+00   0.0000000000E+00
     31      34   0.0000000000E+00   0.0000000000E+00
     31      35   0.0000000000E+00   0.0000000000E+00
     31      36   0.0000000000E+00   0.0000000000E+00
     31      37   0.0000000000E+00   0.0000000000E+00
     32      33   4.5085193266E+00   1.7055723866E-01
     32      34   0.0000000000E+00   0.0000000000E+00
     32      35   0.0000000000E+00   0.0000000000E+00
     32      36   3.2840748894E+00   2.8713930346E-01
     32      37   0.0000000000E+00   0.0000000000E+00
     33      34   3.0745918011E+00   3.8120886276E-01
     33      35   0.0000000000E+00   0.0000000000E+00
     33      36   0.0000000000E+00   0.0000000000E+00
     33      37   0.0000000000E+00   0.0000000000E+00
     34      35   0.0000000000E+00   0.0000000000E+00
     34      36   4.8503201053E+00   1.7374524115E-01
     34      37   0.0000000000E+00   0.0000000000E+00
     35      36   0.0000000000E+00   0.0000000000E+00
     35      37   0.0000000000E+00   0.0000000000E+00
     36      37   0.0000000000E+00   0.0000000000E+00
