 # CENTERS
 # Cluster_index -F_center Error_{F_center} index_center Cluster_population Cluster_population_no_halo
      1   6.4656342016E+00   1.3377901703E-01    2344    6736    5205
      2   6.1094307845E+00   1.4969449543E-01    5496    2942    1952
      3   6.7128169931E+00   1.4159714419E-01    6180    6911    5380
      4   5.6609561195E+00   1.8939987732E-01   14460    3411     616
 # SADDLES:
 # C1 C2 -F_bord_C1_C2 Err_F_bord_1_2
      1       2   3.5257190398E+00   3.5070593438E-01
      1       3   3.4996368185E+00   3.6808133743E-01
      1       4   3.8835442691E+00   4.6453145608E-01
      2       3   3.8333351738E+00   2.6604585934E-01
      2       4   4.7926069257E+00   1.5986973654E-01
      3       4   3.6418758589E+00   3.0318178032E-01
