 # CENTERS
 # Cluster_index -F_center Error_{F_center} index_center Cluster_population Cluster_population_no_halo
      1   5.2377397500E+00   1.9850958084E-01     300     431     203
      2   5.3976959865E+00   1.8295101634E-01    1275     587     197
      3   5.6039296822E+00   2.0150945538E-01    1925     279      97
      4   6.4656342016E+00   1.3377901703E-01    2344    1644     951
      5   5.2101451678E+00   1.7181125374E-01    3001     189      64
      6   5.7959932588E+00   2.1628438712E-01    3948     935     326
      7   4.9458370954E+00   1.7440456264E-01    3995     362     148
      8   5.6239399411E+00   1.5641020981E-01    4081     560     229
      9   5.2664082324E+00   2.0794117747E-01    4779     569      43
     10   6.1094307845E+00   1.4969449543E-01    5496    2942    1952
     11   6.7128169931E+00   1.4159714419E-01    6180    3381    2273
     12   5.3984943187E+00   2.1379875601E-01    7910    2452     637
     13   5.3618657727E+00   1.9471051538E-01    8254     995     274
     14   4.8236571274E+00   1.4414855029E-01    8323     513     119
     15   5.2544060019E+00   1.6872665601E-01    9955     840     171
     16   5.2024483437E+00   2.0358660771E-01   12131     464     201
     17   4.9614095743E+00   1.8609170008E-01   13777     924     231
     18   5.5151725623E+00   1.9850958084E-01   14126     916     379
     19   5.6609561195E+00   1.8939987732E-01   14460     959     367
     20   2.9162620902E+00   2.2571966482E-01   18646      58      38
 # SADDLES:
 # C1 C2 -F_bord_C1_C2 Err_F_bord_1_2
      1       2   0.0000000000E+00   0.0000000000E+00
      1       3   0.0000000000E+00   0.0000000000E+00
      1       4   0.0000000000E+00   0.0000000000E+00
      1       5   0.0000000000E+00   0.0000000000E+00
      1       6   0.0000000000E+00   0.0000000000E+00
      1       7   4.4270815535E+00   1.5453144077E-01
      1       8   0.0000000000E+00   0.0000000000E+00
      1       9   0.0000000000E+00   0.0000000000E+00
      1      10   3.2858385008E+00   2.5095969643E-01
      1      11   0.0000000000E+00   0.0000000000E+00
      1      12   0.0000000000E+00   0.0000000000E+00
      1      13   0.0000000000E+00   0.0000000000E+00
      1      14   0.0000000000E+00   0.0000000000E+00
      1      15   4.4416377116E+00   1.5227550050E-01
      1      16   0.0000000000E+00   0.0000000000E+00
      1      17   0.0000000000E+00   0.0000000000E+00
      1      18   0.0000000000E+00   0.0000000000E+00
      1      19   1.7813320374E+00   5.6451866106E-01
      1      20   0.0000000000E+00   0.0000000000E+00
      2       3   0.0000000000E+00   0.0000000000E+00
      2       4   0.0000000000E+00   0.0000000000E+00
      2       5   0.0000000000E+00   0.0000000000E+00
      2       6   0.0000000000E+00   0.0000000000E+00
      2       7   0.0000000000E+00   0.0000000000E+00
      2       8   4.9255020602E+00   1.7374524115E-01
      2       9   0.0000000000E+00   0.0000000000E+00
      2      10   0.0000000000E+00   0.0000000000E+00
      2      11   3.4619080892E+00   3.2225169332E-01
      2      12   3.8103699172E+00   9.5947628866E-02
      2      13   4.6155325029E+00   1.7507144703E-01
      2      14   0.0000000000E+00   0.0000000000E+00
      2      15   0.0000000000E+00   0.0000000000E+00
      2      16   0.0000000000E+00   0.0000000000E+00
      2      17   0.0000000000E+00   0.0000000000E+00
      2      18   0.0000000000E+00   0.0000000000E+00
      2      19   0.0000000000E+00   0.0000000000E+00
      2      20   0.0000000000E+00   0.0000000000E+00
      3       4   0.0000000000E+00   0.0000000000E+00
      3       5   4.6257148587E+00   1.7924001821E-01
      3       6   0.0000000000E+00   0.0000000000E+00
      3       7   0.0000000000E+00   0.0000000000E+00
      3       8   0.0000000000E+00   0.0000000000E+00
      3       9   0.0000000000E+00   0.0000000000E+00
      3      10   2.9474597595E+00   3.6808133743E-01
      3      11   0.0000000000E+00   0.0000000000E+00
      3      12   0.0000000000E+00   0.0000000000E+00
      3      13   0.0000000000E+00   0.0000000000E+00
      3      14   0.0000000000E+00   0.0000000000E+00
      3      15   2.5458704100E+00   1.8143915032E-01
      3      16   0.0000000000E+00   0.0000000000E+00
      3      17   2.0968594070E+00   2.3487178161E-01
      3      18   4.7552242695E+00   1.8372126007E-01
      3      19   0.0000000000E+00   0.0000000000E+00
      3      20   0.0000000000E+00   0.0000000000E+00
      4       5   0.0000000000E+00   0.0000000000E+00
      4       6   5.2921365356E+00   1.6090110192E-01
      4       7   0.0000000000E+00   0.0000000000E+00
      4       8   0.0000000000E+00   0.0000000000E+00
      4       9   0.0000000000E+00   0.0000000000E+00
      4      10   3.5257190398E+00   3.5070593438E-01
      4      11   3.0300366678E+00   3.3095405001E-01
      4      12   0.0000000000E+00   0.0000000000E+00
      4      13   0.0000000000E+00   0.0000000000E+00
      4      14   0.0000000000E+00   0.0000000000E+00
      4      15   0.0000000000E+00   0.0000000000E+00
      4      16   0.0000000000E+00   0.0000000000E+00
      4      17   0.0000000000E+00   0.0000000000E+00
      4      18   0.0000000000E+00   0.0000000000E+00
      4      19   3.1885440819E+00   3.0672518362E-01
      4      20   0.0000000000E+00   0.0000000000E+00
      5       6   0.0000000000E+00   0.0000000000E+00
      5       7   0.0000000000E+00   0.0000000000E+00
      5       8   0.0000000000E+00   0.0000000000E+00
      5       9   0.0000000000E+00   0.0000000000E+00
      5      10   3.0226122381E+00   3.5622175592E-01
      5      11   0.0000000000E+00   0.0000000000E+00
      5      12   0.0000000000E+00   0.0000000000E+00
      5      13   0.0000000000E+00   0.0000000000E+00
      5      14   0.0000000000E+00   0.0000000000E+00
      5      15   4.7183590310E+00   2.0358660771E-01
      5      16   0.0000000000E+00   0.0000000000E+00
      5      17   0.0000000000E+00   0.0000000000E+00
      5      18   0.0000000000E+00   0.0000000000E+00
      5      19   0.0000000000E+00   0.0000000000E+00
      5      20   0.0000000000E+00   0.0000000000E+00
      6       7   0.0000000000E+00   0.0000000000E+00
      6       8   5.0988407969E+00   1.6411923422E-01
      6       9   0.0000000000E+00   0.0000000000E+00
      6      10   0.0000000000E+00   0.0000000000E+00
      6      11   3.4996368185E+00   3.6808133743E-01
      6      12   2.7424198665E+00   4.2135048580E-01
      6      13   0.0000000000E+00   0.0000000000E+00
      6      14   0.0000000000E+00   0.0000000000E+00
      6      15   0.0000000000E+00   0.0000000000E+00
      6      16   0.0000000000E+00   0.0000000000E+00
      6      17   0.0000000000E+00   0.0000000000E+00
      6      18   0.0000000000E+00   0.0000000000E+00
      6      19   3.8835442691E+00   4.6453145608E-01
      6      20   0.0000000000E+00   0.0000000000E+00
      7       8   0.0000000000E+00   0.0000000000E+00
      7       9   0.0000000000E+00   0.0000000000E+00
      7      10   0.0000000000E+00   0.0000000000E+00
      7      11   0.0000000000E+00   0.0000000000E+00
      7      12   0.0000000000E+00   0.0000000000E+00
      7      13   0.0000000000E+00   0.0000000000E+00
      7      14   4.3948637660E+00   1.8855631913E-01
      7      15   0.0000000000E+00   0.0000000000E+00
      7      16   0.0000000000E+00   0.0000000000E+00
      7      17   0.0000000000E+00   0.0000000000E+00
      7      18   0.0000000000E+00   0.0000000000E+00
      7      19   3.6418758589E+00   3.0318178032E-01
      7      20   0.0000000000E+00   0.0000000000E+00
      8       9   0.0000000000E+00   0.0000000000E+00
      8      10   0.0000000000E+00   0.0000000000E+00
      8      11   3.2811172423E+00   3.6808133743E-01
      8      12   3.1264441283E+00   3.9584739066E-01
      8      13   0.0000000000E+00   0.0000000000E+00
      8      14   0.0000000000E+00   0.0000000000E+00
      8      15   0.0000000000E+00   0.0000000000E+00
      8      16   0.0000000000E+00   0.0000000000E+00
      8      17   0.0000000000E+00   0.0000000000E+00
      8      18   0.0000000000E+00   0.0000000000E+00
      8      19   0.0000000000E+00   0.0000000000E+00
      8      20   0.0000000000E+00   0.0000000000E+00
      9      10   0.0000000000E+00   0.0000000000E+00
      9      11   3.0835592250E+00   3.6200605948E-01
      9      12   0.0000000000E+00   0.0000000000E+00
      9      13   4.8036956401E+00   1.6580243736E-01
      9      14   0.0000000000E+00   0.0000000000E+00
      9      15   0.0000000000E+00   0.0000000000E+00
      9      16   4.5647941099E+00   1.9112152293E-01
      9      17   2.1643271000E+00   1.7440456264E-01
      9      18   0.0000000000E+00   0.0000000000E+00
      9      19   0.0000000000E+00   0.0000000000E+00
      9      20   2.3256293892E+00   2.3817905969E-01
     10      11   3.2073967942E+00   4.3101131190E-01
     10      12   0.0000000000E+00   0.0000000000E+00
     10      13   0.0000000000E+00   0.0000000000E+00
     10      14   0.0000000000E+00   0.0000000000E+00
     10      15   3.4184798658E+00   3.1420123455E-01
     10      16   0.0000000000E+00   0.0000000000E+00
     10      17   0.0000000000E+00   0.0000000000E+00
     10      18   3.8333351738E+00   2.6604585934E-01
     10      19   4.7926069257E+00   1.5986973654E-01
     10      20   0.0000000000E+00   0.0000000000E+00
     11      12   0.0000000000E+00   0.0000000000E+00
     11      13   3.4033688757E+00   3.4040125716E-01
     11      14   0.0000000000E+00   0.0000000000E+00
     11      15   0.0000000000E+00   0.0000000000E+00
     11      16   3.2840748894E+00   2.8713930346E-01
     11      17   0.0000000000E+00   0.0000000000E+00
     11      18   4.8503201053E+00   1.7374524115E-01
     11      19   0.0000000000E+00   0.0000000000E+00
     11      20   0.0000000000E+00   0.0000000000E+00
     12      13   2.6421877718E+00   3.4040125716E-01
     12      14   2.9771680449E+00   2.5925492233E-01
     12      15   0.0000000000E+00   0.0000000000E+00
     12      16   0.0000000000E+00   0.0000000000E+00
     12      17   0.0000000000E+00   0.0000000000E+00
     12      18   0.0000000000E+00   0.0000000000E+00
     12      19   4.5907550717E+00   1.9025485854E-01
     12      20   0.0000000000E+00   0.0000000000E+00
     13      14   0.0000000000E+00   0.0000000000E+00
     13      15   0.0000000000E+00   0.0000000000E+00
     13      16   0.0000000000E+00   0.0000000000E+00
     13      17   0.0000000000E+00   0.0000000000E+00
     13      18   0.0000000000E+00   0.0000000000E+00
     13      19   0.0000000000E+00   0.0000000000E+00
     13      20   0.0000000000E+00   0.0000000000E+00
     14      15   0.0000000000E+00   0.0000000000E+00
     14      16   0.0000000000E+00   0.0000000000E+00
     14      17   0.0000000000E+00   0.0000000000E+00
     14      18   0.0000000000E+00   0.0000000000E+00
     14      19   3.1792085077E+00   3.9584739066E-01
     14      20   0.0000000000E+00   0.0000000000E+00
     15      16   0.0000000000E+00   0.0000000000E+00
     15      17   2.1848608626E+00   2.6372328448E-01
     15      18   0.0000000000E+00   0.0000000000E+00
     15      19   0.0000000000E+00   0.0000000000E+00
     15      20   0.0000000000E+00   0.0000000000E+00
     16      17   4.5085193266E+00   1.7055723866E-01
     16      18   0.0000000000E+00   0.0000000000E+00
     16      19   0.0000000000E+00   0.0000000000E+00
     16      20   0.0000000000E+00   0.0000000000E+00
     17      18   3.0745918011E+00   3.8120886276E-01
     17      19   0.0000000000E+00   0.0000000000E+00
     17      20   0.0000000000E+00   0.0000000000E+00
     18      19   0.0000000000E+00   0.0000000000E+00
     18      20   0.0000000000E+00   0.0000000000E+00
     19      20   0.0000000000E+00   0.0000000000E+00
