 # CENTERS
 # Cluster_index -F_center Error_{F_center} index_center Cluster_population Cluster_population_no_halo
      1   5.2377397500E+00   1.9850958084E-01     300    1306     448
      2   5.6039296822E+00   2.0150945538E-01    1925    1308     313
      3   6.4656342016E+00   1.3377901703E-01    2344    6736    5205
      4   6.1094307845E+00   1.4969449543E-01    5496    2942    1952
      5   6.7128169931E+00   1.4159714419E-01    6180    4297    2857
      6   5.6609561195E+00   1.8939987732E-01   14460    3411     616
 # SADDLES:
 # C1 C2 -F_bord_C1_C2 Err_F_bord_1_2
      1       2   4.4416377116E+00   1.5227550050E-01
      1       3   0.0000000000E+00   0.0000000000E+00
      1       4   3.2858385008E+00   2.5095969643E-01
      1       5   0.0000000000E+00   0.0000000000E+00
      1       6   3.6418758589E+00   3.0318178032E-01
      2       3   2.1848608626E+00   2.6372328448E-01
      2       4   3.4184798658E+00   3.1420123455E-01
      2       5   4.7552242695E+00   1.8372126007E-01
      2       6   0.0000000000E+00   0.0000000000E+00
      3       4   3.5257190398E+00   3.5070593438E-01
      3       5   3.4996368185E+00   3.6808133743E-01
      3       6   3.8835442691E+00   4.6453145608E-01
      4       5   3.8333351738E+00   2.6604585934E-01
      4       6   4.7926069257E+00   1.5986973654E-01
      5       6   0.0000000000E+00   0.0000000000E+00
