 # CENTERS
 # Cluster_index -F_center Error_{F_center} index_center Cluster_population Cluster_population_no_halo
      1   5.2377397500E+00   1.9850958084E-01     300     431     203
      2   5.6039296822E+00   2.0150945538E-01    1925     279      97
      3   6.4656342016E+00   1.3377901703E-01    2344    2579    1634
      4   4.9458370954E+00   1.7440456264E-01    3995     875     255
      5   5.6239399411E+00   1.5641020981E-01    4081    1147     358
      6   6.1094307845E+00   1.4969449543E-01    5496    2942    1952
      7   6.7128169931E+00   1.4159714419E-01    6180    3381    2273
      8   5.3984943187E+00   2.1379875601E-01    7910    2452     637
      9   5.3618657727E+00   1.9471051538E-01    8254    1622     561
     10   5.2544060019E+00   1.6872665601E-01    9955    1029     294
     11   5.2024483437E+00   2.0358660771E-01   12131    1388     378
     12   5.5151725623E+00   1.9850958084E-01   14126     916     379
     13   5.6609561195E+00   1.8939987732E-01   14460     959     367
 # SADDLES:
 # C1 C2 -F_bord_C1_C2 Err_F_bord_1_2
      1       2   0.0000000000E+00   0.0000000000E+00
      1       3   0.0000000000E+00   0.0000000000E+00
      1       4   4.4270815535E+00   1.5453144077E-01
      1       5   0.0000000000E+00   0.0000000000E+00
      1       6   3.2858385008E+00   2.5095969643E-01
      1       7   0.0000000000E+00   0.0000000000E+00
      1       8   0.0000000000E+00   0.0000000000E+00
      1       9   0.0000000000E+00   0.0000000000E+00
      1      10   4.4416377116E+00   1.5227550050E-01
      1      11   0.0000000000E+00   0.0000000000E+00
      1      12   0.0000000000E+00   0.0000000000E+00
      1      13   1.7813320374E+00   5.6451866106E-01
      2       3   0.0000000000E+00   0.0000000000E+00
      2       4   0.0000000000E+00   0.0000000000E+00
      2       5   0.0000000000E+00   0.0000000000E+00
      2       6   2.9474597595E+00   3.6808133743E-01
      2       7   0.0000000000E+00   0.0000000000E+00
      2       8   0.0000000000E+00   0.0000000000E+00
      2       9   0.0000000000E+00   0.0000000000E+00
      2      10   4.6257148587E+00   1.7924001821E-01
      2      11   2.0968594070E+00   2.3487178161E-01
      2      12   4.7552242695E+00   1.8372126007E-01
      2      13   0.0000000000E+00   0.0000000000E+00
      3       4   0.0000000000E+00   0.0000000000E+00
      3       5   5.0988407969E+00   1.6411923422E-01
      3       6   3.5257190398E+00   3.5070593438E-01
      3       7   3.4996368185E+00   3.6808133743E-01
      3       8   2.7424198665E+00   4.2135048580E-01
      3       9   0.0000000000E+00   0.0000000000E+00
      3      10   0.0000000000E+00   0.0000000000E+00
      3      11   0.0000000000E+00   0.0000000000E+00
      3      12   0.0000000000E+00   0.0000000000E+00
      3      13   3.8835442691E+00   4.6453145608E-01
      4       5   0.0000000000E+00   0.0000000000E+00
      4       6   0.0000000000E+00   0.0000000000E+00
      4       7   0.0000000000E+00   0.0000000000E+00
      4       8   2.9771680449E+00   2.5925492233E-01
      4       9   0.0000000000E+00   0.0000000000E+00
      4      10   0.0000000000E+00   0.0000000000E+00
      4      11   0.0000000000E+00   0.0000000000E+00
      4      12   0.0000000000E+00   0.0000000000E+00
      4      13   3.6418758589E+00   3.0318178032E-01
      5       6   0.0000000000E+00   0.0000000000E+00
      5       7   3.4619080892E+00   3.2225169332E-01
      5       8   3.8103699172E+00   9.5947628866E-02
      5       9   4.6155325029E+00   1.7507144703E-01
      5      10   0.0000000000E+00   0.0000000000E+00
      5      11   0.0000000000E+00   0.0000000000E+00
      5      12   0.0000000000E+00   0.0000000000E+00
      5      13   0.0000000000E+00   0.0000000000E+00
      6       7   3.2073967942E+00   4.3101131190E-01
      6       8   0.0000000000E+00   0.0000000000E+00
      6       9   0.0000000000E+00   0.0000000000E+00
      6      10   3.4184798658E+00   3.1420123455E-01
      6      11   0.0000000000E+00   0.0000000000E+00
      6      12   3.8333351738E+00   2.6604585934E-01
      6      13   4.7926069257E+00   1.5986973654E-01
      7       8   0.0000000000E+00   0.0000000000E+00
      7       9   3.4033688757E+00   3.4040125716E-01
      7      10   0.0000000000E+00   0.0000000000E+00
      7      11   3.2840748894E+00   2.8713930346E-01
      7      12   4.8503201053E+00   1.7374524115E-01
      7      13   0.0000000000E+00   0.0000000000E+00
      8       9   2.6421877718E+00   3.4040125716E-01
      8      10   0.0000000000E+00   0.0000000000E+00
      8      11   0.0000000000E+00   0.0000000000E+00
      8      12   0.0000000000E+00   0.0000000000E+00
      8      13   4.5907550717E+00   1.9025485854E-01
      9      10   0.0000000000E+00   0.0000000000E+00
      9      11   4.5647941099E+00   1.9112152293E-01
      9      12   0.0000000000E+00   0.0000000000E+00
      9      13   0.0000000000E+00   0.0000000000E+00
     10      11   2.1848608626E+00   2.6372328448E-01
     10      12   0.0000000000E+00   0.0000000000E+00
     10      13   0.0000000000E+00   0.0000000000E+00
     11      12   3.0745918011E+00   3.8120886276E-01
     11      13   0.0000000000E+00   0.0000000000E+00
     12      13   0.0000000000E+00   0.0000000000E+00
