 # CENTERS
 # Cluster_index -F_center Error_{F_center} index_center Cluster_population Cluster_population_no_halo
      1   5.2377397500E+00   1.9850958084E-01     300    1306     448
      2   5.6039296822E+00   2.0150945538E-01    1925     279      97
      3   6.4656342016E+00   1.3377901703E-01    2344    3726    2773
      4   6.1094307845E+00   1.4969449543E-01    5496    2942    1952
      5   6.7128169931E+00   1.4159714419E-01    6180    3381    2273
      6   5.3984943187E+00   2.1379875601E-01    7910    2452     637
      7   5.3618657727E+00   1.9471051538E-01    8254    3010     881
      8   5.2544060019E+00   1.6872665601E-01    9955    1029     294
      9   5.5151725623E+00   1.9850958084E-01   14126     916     379
     10   5.6609561195E+00   1.8939987732E-01   14460     959     367
 # SADDLES:
 # C1 C2 -F_bord_C1_C2 Err_F_bord_1_2
      1       2   0.0000000000E+00   0.0000000000E+00
      1       3   0.0000000000E+00   0.0000000000E+00
      1       4   3.2858385008E+00   2.5095969643E-01
      1       5   0.0000000000E+00   0.0000000000E+00
      1       6   2.9771680449E+00   2.5925492233E-01
      1       7   0.0000000000E+00   0.0000000000E+00
      1       8   4.4416377116E+00   1.5227550050E-01
      1       9   0.0000000000E+00   0.0000000000E+00
      1      10   3.6418758589E+00   3.0318178032E-01
      2       3   0.0000000000E+00   0.0000000000E+00
      2       4   2.9474597595E+00   3.6808133743E-01
      2       5   0.0000000000E+00   0.0000000000E+00
      2       6   0.0000000000E+00   0.0000000000E+00
      2       7   2.0968594070E+00   2.3487178161E-01
      2       8   4.6257148587E+00   1.7924001821E-01
      2       9   4.7552242695E+00   1.8372126007E-01
      2      10   0.0000000000E+00   0.0000000000E+00
      3       4   3.5257190398E+00   3.5070593438E-01
      3       5   3.4996368185E+00   3.6808133743E-01
      3       6   3.8103699172E+00   9.5947628866E-02
      3       7   4.6155325029E+00   1.7507144703E-01
      3       8   0.0000000000E+00   0.0000000000E+00
      3       9   0.0000000000E+00   0.0000000000E+00
      3      10   3.8835442691E+00   4.6453145608E-01
      4       5   3.2073967942E+00   4.3101131190E-01
      4       6   0.0000000000E+00   0.0000000000E+00
      4       7   0.0000000000E+00   0.0000000000E+00
      4       8   3.4184798658E+00   3.1420123455E-01
      4       9   3.8333351738E+00   2.6604585934E-01
      4      10   4.7926069257E+00   1.5986973654E-01
      5       6   0.0000000000E+00   0.0000000000E+00
      5       7   3.4033688757E+00   3.4040125716E-01
      5       8   0.0000000000E+00   0.0000000000E+00
      5       9   4.8503201053E+00   1.7374524115E-01
      5      10   0.0000000000E+00   0.0000000000E+00
      6       7   2.6421877718E+00   3.4040125716E-01
      6       8   0.0000000000E+00   0.0000000000E+00
      6       9   0.0000000000E+00   0.0000000000E+00
      6      10   4.5907550717E+00   1.9025485854E-01
      7       8   2.1848608626E+00   2.6372328448E-01
      7       9   3.0745918011E+00   3.8120886276E-01
      7      10   0.0000000000E+00   0.0000000000E+00
      8       9   0.0000000000E+00   0.0000000000E+00
      8      10   0.0000000000E+00   0.0000000000E+00
      9      10   0.0000000000E+00   0.0000000000E+00
